0.0000 0.0000
0.1000 -0.0185
0.2000 -0.0370
0.3001 -0.0555
0.4001 -0.0739
0.5001 -0.0923
0.6001 -0.1106
0.7001 -0.1288
0.8001 -0.1469
0.9002 -0.1648
1.0002 -0.1827
1.1002 -0.2004
1.2002 -0.2179
1.3002 -0.2352
1.4002 -0.2524
1.5003 -0.2693
1.6003 -0.2861
1.7003 -0.3026
1.8003 -0.3189
1.9003 -0.3350
2.0003 -0.3508
2.1004 -0.3664
2.2004 -0.3816
2.3004 -0.3967
2.4004 -0.4114
2.5004 -0.4259
2.6004 -0.4401
2.7005 -0.4539
2.8005 -0.4675
2.9005 -0.4808
3.0005 -0.4938
3.1005 -0.5065
3.2005 -0.5189
3.3006 -0.5310
3.4006 -0.5428
3.5006 -0.5543
3.6006 -0.5655
3.7006 -0.5763
3.8006 -0.5869
3.9007 -0.5972
4.0007 -0.6072
4.1007 -0.6169
4.2007 -0.6263
4.3007 -0.6354
4.4007 -0.6443
4.5008 -0.6528
4.6008 -0.6611
4.7008 -0.6692
4.8008 -0.6769
4.9008 -0.6844
5.0008 -0.6917
5.1009 -0.6987
5.2009 -0.7055
5.3009 -0.7120
5.4009 -0.7183
5.5009 -0.7244
5.6009 -0.7302
5.7010 -0.7358
5.8010 -0.7412
5.9010 -0.7464
6.0010 -0.7515
6.1010 -0.7563
6.2010 -0.7609
6.3011 -0.7653
6.4011 -0.7696
6.5011 -0.7737
6.6011 -0.7776
6.7011 -0.7813
6.8011 -0.7849
6.9012 -0.7884
7.0012 -0.7916
7.1012 -0.7948
7.2012 -0.7977
7.3012 -0.8006
7.4012 -0.8033
7.5013 -0.8059
7.6013 -0.8083
7.7013 -0.8106
7.8013 -0.8128
7.9013 -0.8149
8.0013 -0.8169
8.1014 -0.8187
8.2014 -0.8205
8.3014 -0.8221
8.4014 -0.8236
8.5014 -0.8250
8.6014 -0.8263
8.7015 -0.8276
8.8015 -0.8287
8.9015 -0.8297
9.0015 -0.8306
9.1015 -0.8315
9.2015 -0.8322
9.3016 -0.8329
9.4016 -0.8334
9.5016 -0.8339
9.6016 -0.8343
9.7016 -0.8346
9.8016 -0.8348
9.9017 -0.8350
10.0017 -0.8350
10.1017 -0.8349
10.2017 -0.8348
10.3017 -0.8346
10.4017 -0.8343
10.5018 -0.8339
10.6018 -0.8334
10.7018 -0.8329
10.8018 -0.8322
10.9018 -0.8314
11.0018 -0.8306
11.1019 -0.8297
11.2019 -0.8286
11.3019 -0.8275
11.4019 -0.8263
11.5019 -0.8250
11.6019 -0.8236
11.7020 -0.8220
11.8020 -0.8204
11.9020 -0.8187
12.0020 -0.8168
12.1020 -0.8148
12.2020 -0.8128
12.3021 -0.8106
12.4021 -0.8082
12.5021 -0.8058
12.6021 -0.8032
12.7021 -0.8005
12.8021 -0.7976
12.9022 -0.7947
13.0022 -0.7915
13.1022 -0.7882
13.2022 -0.7848
13.3022 -0.7812
13.4022 -0.7775
13.5023 -0.7735
13.6023 -0.7695
13.7023 -0.7652
13.8023 -0.7607
13.9023 -0.7561
14.0023 -0.7513
14.1024 -0.7463
14.2024 -0.7411
14.3024 -0.7356
14.4024 -0.7300
14.5024 -0.7242
14.6024 -0.7181
14.7025 -0.7118
14.8025 -0.7052
14.9025 -0.6985
15.0025 -0.6915
15.1025 -0.6842
15.2025 -0.6767
15.3026 -0.6689
15.4026 -0.6609
15.5026 -0.6526
15.6026 -0.6440
15.7026 -0.6351
15.8026 -0.6260
15.9027 -0.6166
16.0027 -0.6069
16.1027 -0.5969
16.2027 -0.5866
16.3027 -0.5760
16.4027 -0.5651
16.5028 -0.5539
16.6028 -0.5424
16.7028 -0.5306
16.8028 -0.5185
16.9028 -0.5061
17.0028 -0.4934
17.1029 -0.4804
17.2029 -0.4671
17.3029 -0.4535
17.4029 -0.4396
17.5029 -0.4254
17.6029 -0.4109
17.7030 -0.3962
17.8030 -0.3811
17.9030 -0.3658
18.0030 -0.3503
18.1030 -0.3345
18.2030 -0.3184
18.3031 -0.3021
18.4031 -0.2855
18.5031 -0.2688
18.6031 -0.2518
18.7031 -0.2346
18.8031 -0.2173
18.9032 -0.1998
19.0032 -0.1821
19.1032 -0.1642
19.2032 -0.1463
19.3032 -0.1282
19.4032 -0.1100
19.5033 -0.0917
19.6033 -0.0733
19.7033 -0.0549
19.8033 -0.0364
19.9033 -0.0179
20.0033 0.0006
20.1034 0.0191
20.2034 0.0376
20.3034 0.0561
20.4034 0.0745
20.5034 0.0929
20.6034 0.1112
20.7035 0.1294
20.8035 0.1475
20.9035 0.1654
21.0035 0.1833
21.1035 0.2009
21.2035 0.2185
21.3036 0.2358
21.4036 0.2529
21.5036 0.2699
21.6036 0.2866
21.7036 0.3032
21.8036 0.3195
21.9037 0.3355
22.0037 0.3513
22.1037 0.3669
22.2037 0.3822
22.3037 0.3972
22.4037 0.4119
22.5038 0.4264
22.6038 0.4405
22.7038 0.4544
22.8038 0.4680
22.9038 0.4813
23.0038 0.4943
23.1039 0.5069
23.2039 0.5193
23.3039 0.5314
23.4039 0.5432
23.5039 0.5546
23.6039 0.5658
23.7040 0.5767
23.8040 0.5873
23.9040 0.5975
24.0040 0.6075
24.1040 0.6172
24.2040 0.6266
24.3041 0.6357
24.4041 0.6446
24.5041 0.6531
24.6041 0.6614
24.7041 0.6694
24.8041 0.6772
24.9042 0.6847
25.0042 0.6919
25.1042 0.6989
25.2042 0.7057
25.3042 0.7122
25.4042 0.7185
25.5043 0.7245
25.6043 0.7304
25.7043 0.7360
25.8043 0.7414
25.9043 0.7466
26.0043 0.7516
26.1044 0.7564
26.2044 0.7610
26.3044 0.7655
26.4044 0.7697
26.5044 0.7738
26.6044 0.7777
26.7045 0.7815
26.8045 0.7850
26.9045 0.7885
27.0045 0.7917
27.1045 0.7949
27.2045 0.7978
27.3046 0.8007
27.4046 0.8034
27.5046 0.8059
27.6046 0.8084
27.7046 0.8107
27.8046 0.8129
27.9047 0.8150
28.0047 0.8169
28.1047 0.8188
28.2047 0.8205
28.3047 0.8221
28.4047 0.8237
28.5048 0.8251
28.6048 0.8264
28.7048 0.8276
28.8048 0.8287
28.9048 0.8297
29.0048 0.8307
29.1049 0.8315
29.2049 0.8322
29.3049 0.8329
29.4049 0.8335
29.5049 0.8339
29.6049 0.8343
29.7050 0.8346
29.8050 0.8348
29.9050 0.8350
30.0050 0.8350
30.1050 0.8349
30.2050 0.8348
30.3051 0.8346
30.4051 0.8343
30.5051 0.8339
30.6051 0.8334
30.7051 0.8328
30.8051 0.8322
30.9052 0.8314
31.0052 0.8306
31.1052 0.8296
31.2052 0.8286
31.3052 0.8275
31.4052 0.8263
31.5053 0.8249
31.6053 0.8235
31.7053 0.8220
31.8053 0.8203
31.9053 0.8186
32.0053 0.8167
32.1054 0.8148
32.2054 0.8127
32.3054 0.8105
32.4054 0.8082
32.5054 0.8057
32.6054 0.8031
32.7055 0.8004
32.8055 0.7975
32.9055 0.7946
33.0055 0.7914
33.1055 0.7881
33.2055 0.7847
33.3056 0.7811
33.4056 0.7773
33.5056 0.7734
33.6056 0.7693
33.7056 0.7650
33.8056 0.7606
33.9057 0.7560
34.0057 0.7511
34.1057 0.7461
34.2057 0.7409
34.3057 0.7355
34.4057 0.7298
34.5058 0.7240
34.6058 0.7179
34.7058 0.7116
34.8058 0.7050
34.9058 0.6982
35.0058 0.6912
35.1059 0.6839
35.2059 0.6764
35.3059 0.6686
35.4059 0.6606
35.5059 0.6523
35.6059 0.6437
35.7060 0.6348
35.8060 0.6257
35.9060 0.6162
36.0060 0.6065
36.1060 0.5965
36.2060 0.5862
36.3061 0.5756
36.4061 0.5647
36.5061 0.5535
36.6061 0.5420
36.7061 0.5302
36.8061 0.5181
36.9062 0.5057
37.0062 0.4930
37.1062 0.4800
37.2062 0.4666
37.3062 0.4530
37.4062 0.4391
37.5063 0.4249
37.6063 0.4104
37.7063 0.3957
37.8063 0.3806
37.9063 0.3653
38.0063 0.3497
38.1064 0.3339
38.2064 0.3178
38.3064 0.3015
38.4064 0.2850
38.5064 0.2682
38.6064 0.2512
38.7065 0.2341
38.8065 0.2167
38.9065 0.1992
39.0065 0.1815
39.1065 0.1636
39.2065 0.1457
39.3066 0.1276
39.4066 0.1094
39.5066 0.0911
39.6066 0.0727
39.7066 0.0543
39.8066 0.0358
39.9067 0.0173
40.0067 -0.0012
40.1067 -0.0198
40.2067 -0.0383
40.3067 -0.0567
40.4067 -0.0752
40.5068 -0.0935
40.6068 -0.1118
40.7068 -0.1300
40.8068 -0.1481
40.9068 -0.1660
41.0068 -0.1839
41.1069 -0.2015
41.2069 -0.2190
41.3069 -0.2364
41.4069 -0.2535
41.5069 -0.2705
41.6069 -0.2872
41.7070 -0.3037
41.8070 -0.3200
41.9070 -0.3360
42.0070 -0.3518
42.1070 -0.3674
42.2070 -0.3827
42.3071 -0.3977
42.4071 -0.4124
42.5071 -0.4268
42.6071 -0.4410
42.7071 -0.4549
42.8071 -0.4684
42.9072 -0.4817
43.0072 -0.4947
43.1072 -0.5074
43.2072 -0.5197
43.3072 -0.5318
43.4072 -0.5436
43.5073 -0.5550
43.6073 -0.5662
43.7073 -0.5770
43.8073 -0.5876
43.9073 -0.5979
44.0073 -0.6078
44.1074 -0.6175
44.2074 -0.6269
44.3074 -0.6360
44.4074 -0.6448
44.5074 -0.6534
44.6074 -0.6617
44.7075 -0.6697
44.8075 -0.6774
44.9075 -0.6849
45.0075 -0.6922
45.1075 -0.6992
45.2075 -0.7059
45.3076 -0.7124
45.4076 -0.7187
45.5076 -0.7247
45.6076 -0.7306
45.7076 -0.7362
45.8076 -0.7416
45.9077 -0.7468
46.0077 -0.7518
46.1077 -0.7566
46.2077 -0.7612
46.3077 -0.7656
46.4077 -0.7699
46.5078 -0.7739
46.6078 -0.7778
46.7078 -0.7816
46.8078 -0.7852
46.9078 -0.7886
47.0078 -0.7918
47.1079 -0.7950
47.2079 -0.7979
47.3079 -0.8008
47.4079 -0.8035
47.5079 -0.8060
47.6079 -0.8085
47.7080 -0.8108
47.8080 -0.8130
47.9080 -0.8150
48.0080 -0.8170
48.1080 -0.8188
48.2080 -0.8206
48.3081 -0.8222
48.4081 -0.8237
48.5081 -0.8251
48.6081 -0.8264
48.7081 -0.8276
48.8081 -0.8288
48.9082 -0.8298
49.0082 -0.8307
49.1082 -0.8315
49.2082 -0.8323
49.3082 -0.8329
49.4082 -0.8335
49.5083 -0.8339
49.6083 -0.8343
49.7083 -0.8346
49.8083 -0.8348
49.9083 -0.8350
50.0083 -0.8350
50.1084 -0.8349
50.2084 -0.8348
50.3084 -0.8346
50.4084 -0.8343
50.5084 -0.8339
50.6084 -0.8334
50.7085 -0.8328
50.8085 -0.8321
50.9085 -0.8314
51.0085 -0.8305
51.1085 -0.8296
51.2085 -0.8286
51.3086 -0.8274
51.4086 -0.8262
51.5086 -0.8249
51.6086 -0.8235
51.7086 -0.8219
51.8086 -0.8203
51.9087 -0.8185
52.0087 -0.8167
52.1087 -0.8147
52.2087 -0.8126
52.3087 -0.8104
52.4087 -0.8081
52.5088 -0.8056
52.6088 -0.8030
52.7088 -0.8003
52.8088 -0.7974
52.9088 -0.7944
53.0088 -0.7913
53.1089 -0.7880
53.2089 -0.7846
53.3089 -0.7810
53.4089 -0.7772
53.5089 -0.7733
53.6089 -0.7692
53.7090 -0.7649
53.8090 -0.7604
53.9090 -0.7558
54.0090 -0.7510
54.1090 -0.7459
54.2090 -0.7407
54.3091 -0.7353
54.4091 -0.7296
54.5091 -0.7238
54.6091 -0.7177
54.7091 -0.7114
54.8091 -0.7048
54.9092 -0.6980
55.0092 -0.6910
55.1092 -0.6837
55.2092 -0.6762
55.3092 -0.6684
55.4092 -0.6603
55.5093 -0.6520
55.6093 -0.6434
55.7093 -0.6345
55.8093 -0.6254
55.9093 -0.6159
56.0093 -0.6062
56.1094 -0.5962
56.2094 -0.5859
56.3094 -0.5753
56.4094 -0.5643
56.5094 -0.5531
56.6094 -0.5416
56.7095 -0.5298
56.8095 -0.5177
56.9095 -0.5053
57.0095 -0.4925
57.1095 -0.4795
57.2095 -0.4662
57.3096 -0.4526
57.4096 -0.4387
57.5096 -0.4244
57.6096 -0.4100
57.7096 -0.3952
57.8096 -0.3801
57.9097 -0.3648
58.0097 -0.3492
58.1097 -0.3334
58.2097 -0.3173
58.3097 -0.3010
58.4097 -0.2844
58.5098 -0.2677
58.6098 -0.2507
58.7098 -0.2335
58.8098 -0.2161
58.9098 -0.1986
59.0098 -0.1809
59.1099 -0.1630
59.2099 -0.1451
59.3099 -0.1270
59.4099 -0.1088
59.5099 -0.0905
59.6099 -0.0721
59.7100 -0.0537
59.8100 -0.0352
59.9100 -0.0167
60.0100 0.0019
60.1100 0.0204
60.2100 0.0389
60.3101 0.0573
60.4101 0.0758
60.5101 0.0941
60.6101 0.1124
60.7101 0.1306
60.8101 0.1487
60.9102 0.1666
61.0102 0.1844
61.1102 0.2021
61.2102 0.2196
61.3102 0.2369
61.4102 0.2541
61.5103 0.2710
61.6103 0.2878
61.7103 0.3043
61.8103 0.3205
61.9103 0.3366
62.0103 0.3524
62.1104 0.3679
62.2104 0.3832
62.3104 0.3982
62.4104 0.4129
62.5104 0.4273
62.6104 0.4415
62.7105 0.4553
62.8105 0.4689
62.9105 0.4821
63.0105 0.4951
63.1105 0.5078
63.2105 0.5201
63.3106 0.5322
63.4106 0.5439
63.5106 0.5554
63.6106 0.5666
63.7106 0.5774
63.8106 0.5880
63.9107 0.5982
64.0107 0.6082
64.1107 0.6178
64.2107 0.6272
64.3107 0.6363
64.4107 0.6451
64.5108 0.6537
64.6108 0.6620
64.7108 0.6700
64.8108 0.6777
64.9108 0.6852
65.0108 0.6924
65.1109 0.6994
65.2109 0.7061
65.3109 0.7126
65.4109 0.7189
65.5109 0.7249
65.6109 0.7308
65.7110 0.7364
65.8110 0.7418
65.9110 0.7470
66.0110 0.7519
66.1110 0.7567
66.2110 0.7613
66.3111 0.7658
66.4111 0.7700
66.5111 0.7741
66.6111 0.7780
66.7111 0.7817
66.8111 0.7853
66.9112 0.7887
67.0112 0.7919
67.1112 0.7951
67.2112 0.7980
67.3112 0.8009
67.4112 0.8036
67.5113 0.8061
67.6113 0.8085
67.7113 0.8109
67.8113 0.8130
67.9113 0.8151
68.0113 0.8171
68.1114 0.8189
68.2114 0.8206
68.3114 0.8222
68.4114 0.8238
68.5114 0.8252
68.6114 0.8265
68.7115 0.8277
68.8115 0.8288
68.9115 0.8298
69.0115 0.8307
69.1115 0.8316
69.2115 0.8323
69.3116 0.8329
69.4116 0.8335
69.5116 0.8340
69.6116 0.8343
69.7116 0.8346
69.8116 0.8348
69.9117 0.8350
70.0117 0.8350
70.1117 0.8349
70.2117 0.8348
70.3117 0.8346
70.4117 0.8343
70.5118 0.8339
70.6118 0.8334
70.7118 0.8328
70.8118 0.8321
70.9118 0.8314
71.0118 0.8305
71.1119 0.8296
71.2119 0.8285
71.3119 0.8274
71.4119 0.8262
71.5119 0.8248
71.6119 0.8234
71.7120 0.8219
71.8120 0.8202
71.9120 0.8185
72.0120 0.8166
72.1120 0.8146
72.2120 0.8125
72.3121 0.8103
72.4121 0.8080
72.5121 0.8055
72.6121 0.8029
72.7121 0.8002
72.8121 0.7973
72.9122 0.7943
73.0122 0.7912
73.1122 0.7879
73.2122 0.7845
73.3122 0.7808
73.4122 0.7771
73.5123 0.7731
73.6123 0.7690
73.7123 0.7648
73.8123 0.7603
73.9123 0.7556
74.0123 0.7508
74.1124 0.7458
74.2124 0.7405
74.3124 0.7351
74.4124 0.7294
74.5124 0.7236
74.6124 0.7175
74.7125 0.7111
74.8125 0.7046
74.9125 0.6978
75.0125 0.6907
75.1125 0.6835
75.2125 0.6759
75.3126 0.6681
75.4126 0.6600
75.5126 0.6517
75.6126 0.6431
75.7126 0.6342
75.8126 0.6251
75.9127 0.6156
76.0127 0.6059
76.1127 0.5958
76.2127 0.5855
76.3127 0.5749
76.4127 0.5640
76.5128 0.5528
76.6128 0.5412
76.7128 0.5294
76.8128 0.5173
76.9128 0.5048
77.0128 0.4921
77.1129 0.4791
77.2129 0.4657
77.3129 0.4521
77.4129 0.4382
77.5129 0.4240
77.6129 0.4095
77.7130 0.3947
77.8130 0.3796
77.9130 0.3643
78.0130 0.3487
78.1130 0.3329
78.2130 0.3168
78.3131 0.3004
78.4131 0.2839
78.5131 0.2671
78.6131 0.2501
78.7131 0.2329
78.8131 0.2155
78.9132 0.1980
79.0132 0.1803
79.1132 0.1625
79.2132 0.1445
79.3132 0.1264
79.4132 0.1082
79.5133 0.0899
79.6133 0.0715
79.7133 0.0530
79.8133 0.0346
79.9133 0.0161
80.0133 -0.0025
80.1134 -0.0210
80.2134 -0.0395
80.3134 -0.0580
80.4134 -0.0764
80.5134 -0.0947
80.6134 -0.1130
80.7135 -0.1312
80.8135 -0.1493
80.9135 -0.1672
81.0135 -0.1850
81.1135 -0.2027
81.2135 -0.2202
81.3136 -0.2375
81.4136 -0.2547
81.5136 -0.2716
81.6136 -0.2883
81.7136 -0.3048
81.8136 -0.3211
81.9137 -0.3371
82.0137 -0.3529
82.1137 -0.3684
82.2137 -0.3837
82.3137 -0.3986
82.4137 -0.4134
82.5138 -0.4278
82.6138 -0.4419
82.7138 -0.4558
82.8138 -0.4693
82.9138 -0.4826
83.0138 -0.4955
83.1139 -0.5082
83.2139 -0.5205
83.3139 -0.5326
83.4139 -0.5443
83.5139 -0.5558
83.6139 -0.5669
83.7140 -0.5778
83.8140 -0.5883
83.9140 -0.5985
84.0140 -0.6085
84.1140 -0.6182
84.2140 -0.6275
84.3141 -0.6366
84.4141 -0.6454
84.5141 -0.6540
84.6141 -0.6622
84.7141 -0.6702
84.8141 -0.6779
84.9142 -0.6854
85.0142 -0.6926
85.1142 -0.6996
85.2142 -0.7064
85.3142 -0.7128
85.4142 -0.7191
85.5143 -0.7251
85.6143 -0.7310
85.7143 -0.7366
85.8143 -0.7419
85.9143 -0.7471
86.0143 -0.7521
86.1144 -0.7569
86.2144 -0.7615
86.3144 -0.7659
86.4144 -0.7701
86.5144 -0.7742
86.6144 -0.7781
86.7145 -0.7818
86.8145 -0.7854
86.9145 -0.7888
87.0145 -0.7921
87.1145 -0.7952
87.2145 -0.7981
87.3146 -0.8010
87.4146 -0.8036
87.5146 -0.8062
87.6146 -0.8086
87.7146 -0.8109
87.8146 -0.8131
87.9147 -0.8152
88.0147 -0.8171
88.1147 -0.8190
88.2147 -0.8207
88.3147 -0.8223
88.4147 -0.8238
88.5148 -0.8252
88.6148 -0.8265
88.7148 -0.8277
88.8148 -0.8288
88.9148 -0.8298
89.0148 -0.8308
89.1149 -0.8316
89.2149 -0.8323
89.3149 -0.8330
89.4149 -0.8335
89.5149 -0.8340
89.6149 -0.8344
89.7150 -0.8346
89.8150 -0.8348
89.9150 -0.8350
90.0150 -0.8350
90.1150 -0.8349
90.2150 -0.8348
90.3151 -0.8346
90.4151 -0.8342
90.5151 -0.8338
90.6151 -0.8334
90.7151 -0.8328
90.8151 -0.8321
90.9152 -0.8313
91.0152 -0.8305
91.1152 -0.8295
91.2152 -0.8285
91.3152 -0.8274
91.4152 -0.8261
91.5153 -0.8248
91.6153 -0.8234
91.7153 -0.8218
91.8153 -0.8202
91.9153 -0.8184
92.0153 -0.8165
92.1154 -0.8146
92.2154 -0.8125
92.3154 -0.8103
92.4154 -0.8079
92.5154 -0.8054
92.6154 -0.8028
92.7155 -0.8001
92.8155 -0.7973
92.9155 -0.7942
93.0155 -0.7911
93.1155 -0.7878
93.2155 -0.7843
93.3156 -0.7807
93.4156 -0.7770
93.5156 -0.7730
93.6156 -0.7689
93.7156 -0.7646
93.8156 -0.7601
93.9157 -0.7555
94.0157 -0.7506
94.1157 -0.7456
94.2157 -0.7404
94.3157 -0.7349
94.4157 -0.7292
94.5158 -0.7234
94.6158 -0.7173
94.7158 -0.7109
94.8158 -0.7044
94.9158 -0.6976
95.0158 -0.6905
95.1159 -0.6832
95.2159 -0.6757
95.3159 -0.6678
95.4159 -0.6598
95.5159 -0.6514
95.6159 -0.6428
95.7160 -0.6339
95.8160 -0.6247
95.9160 -0.6153
96.0160 -0.6055
96.1160 -0.5955
96.2160 -0.5852
96.3161 -0.5745
96.4161 -0.5636
96.5161 -0.5524
96.6161 -0.5408
96.7161 -0.5290
96.8161 -0.5169
96.9162 -0.5044
97.0162 -0.4917
97.1162 -0.4786
97.2162 -0.4653
97.3162 -0.4516
97.4162 -0.4377
97.5163 -0.4235
97.6163 -0.4090
97.7163 -0.3942
97.8163 -0.3791
97.9163 -0.3638
98.0163 -0.3482
98.1164 -0.3323
98.2164 -0.3162
98.3164 -0.2999
98.4164 -0.2833
98.5164 -0.2665
98.6164 -0.2495
98.7165 -0.2323
98.8165 -0.2150
98.9165 -0.1974
99.0165 -0.1797
99.1165 -0.1619
99.2165 -0.1439
99.3166 -0.1258
99.4166 -0.1075
99.5166 -0.0892
99.6166 -0.0709
99.7166 -0.0524
99.8166 -0.0339
99.9167 -0.0154
100.0167 0.0031
100.1167 0.0216
100.2167 0.0401
100.3167 0.0586
100.4167 0.0770
100.5168 0.0954
100.6168 0.1136
100.7168 0.1318
100.8168 0.1499
100.9168 0.1678
101.0168 0.1856
101.1169 0.2033
101.2169 0.2208
101.3169 0.2381
101.4169 0.2552
101.5169 0.2721
101.6169 0.2889
101.7170 0.3054
101.8170 0.3216
101.9170 0.3376
102.0170 0.3534
102.1170 0.3689
102.2170 0.3842
102.3171 0.3991
102.4171 0.4138
102.5171 0.4283
102.6171 0.4424
102.7171 0.4562
102.8171 0.4698
102.9172 0.4830
103.0172 0.4960
103.1172 0.5086
103.2172 0.5209
103.3172 0.5330
103.4172 0.5447
103.5173 0.5562
103.6173 0.5673
103.7173 0.5781
103.8173 0.5886
103.9173 0.5989
104.0173 0.6088
104.1174 0.6185
104.2174 0.6278
104.3174 0.6369
104.4174 0.6457
104.5174 0.6542
104.6174 0.6625
104.7175 0.6705
104.8175 0.6782
104.9175 0.6857
105.0175 0.6929
105.1175 0.6998
105.2175 0.7066
105.3176 0.7131
105.4176 0.7193
105.5176 0.7253
105.6176 0.7311
105.7176 0.7367
105.8176 0.7421
105.9177 0.7473
106.0177 0.7523
106.1177 0.7571
106.2177 0.7616
106.3177 0.7661
106.4177 0.7703
106.5178 0.7743
106.6178 0.7782
106.7178 0.7819
106.8178 0.7855
106.9178 0.7889
107.0178 0.7922
107.1179 0.7953
107.2179 0.7982
107.3179 0.8010
107.4179 0.8037
107.5179 0.8063
107.6179 0.8087
107.7180 0.8110
107.8180 0.8132
107.9180 0.8152
108.0180 0.8172
108.1180 0.8190
108.2180 0.8207
108.3181 0.8223
108.4181 0.8238
108.5181 0.8253
108.6181 0.8266
108.7181 0.8278
108.8181 0.8289
108.9182 0.8299
109.0182 0.8308
109.1182 0.8316
109.2182 0.8323
109.3182 0.8330
109.4182 0.8335
109.5183 0.8340
109.6183 0.8344
109.7183 0.8346
109.8183 0.8348
109.9183 0.8350
110.0183 0.8350
110.1184 0.8349
110.2184 0.8348
110.3184 0.8346
110.4184 0.8342
110.5184 0.8338
110.6184 0.8333
110.7185 0.8328
110.8185 0.8321
110.9185 0.8313
111.0185 0.8305
111.1185 0.8295
111.2185 0.8285
111.3186 0.8273
111.4186 0.8261
111.5186 0.8247
111.6186 0.8233
111.7186 0.8218
111.8186 0.8201
111.9187 0.8184
112.0187 0.8165
112.1187 0.8145
112.2187 0.8124
112.3187 0.8102
112.4187 0.8078
112.5188 0.8054
112.6188 0.8028
112.7188 0.8000
112.8188 0.7972
112.9188 0.7941
113.0188 0.7910
113.1189 0.7877
113.2189 0.7842
113.3189 0.7806
113.4189 0.7768
113.5189 0.7729
113.6189 0.7688
113.7190 0.7645
113.8190 0.7600
113.9190 0.7553
114.0190 0.7505
114.1190 0.7454
114.2190 0.7402
114.3191 0.7347
114.4191 0.7290
114.5191 0.7232
114.6191 0.7170
114.7191 0.7107
114.8191 0.7041
114.9192 0.6973
115.0192 0.6903
115.1192 0.6830
115.2192 0.6754
115.3192 0.6676
115.4192 0.6595
115.5193 0.6511
115.6193 0.6425
115.7193 0.6336
115.8193 0.6244
115.9193 0.6150
116.0193 0.6052
116.1194 0.5952
116.2194 0.5848
116.3194 0.5742
116.4194 0.5632
116.5194 0.5520
116.6194 0.5405
116.7195 0.5286
116.8195 0.5165
116.9195 0.5040
117.0195 0.4913
117.1195 0.4782
117.2195 0.4648
117.3196 0.4512
117.4196 0.4372
117.5196 0.4230
117.6196 0.4085
117.7196 0.3937
117.8196 0.3786
117.9197 0.3633
118.0197 0.3477
118.1197 0.3318
118.2197 0.3157
118.3197 0.2993
118.4197 0.2828
118.5198 0.2660
118.6198 0.2490
118.7198 0.2318
118.8198 0.2144
118.9198 0.1968
119.0198 0.1791
119.1199 0.1613
119.2199 0.1433
119.3199 0.1252
119.4199 0.1069
119.5199 0.0886
119.6199 0.0703
119.7200 0.0518
119.8200 0.0333
119.9200 0.0148
120.0200 -0.0037
120.1200 -0.0222
120.2200 -0.0407
120.3201 -0.0592
120.4201 -0.0776
120.5201 -0.0960
120.6201 -0.1142
120.7201 -0.1324
120.8201 -0.1505
120.9202 -0.1684
121.0202 -0.1862
121.1202 -0.2039
121.2202 -0.2214
121.3202 -0.2387
121.4202 -0.2558
121.5203 -0.2727
121.6203 -0.2894
121.7203 -0.3059
121.8203 -0.3222
121.9203 -0.3382
122.0203 -0.3539
122.1204 -0.3694
122.2204 -0.3847
122.3204 -0.3996
122.4204 -0.4143
122.5204 -0.4287
122.6204 -0.4429
122.7205 -0.4567
122.8205 -0.4702
122.9205 -0.4835
123.0205 -0.4964
123.1205 -0.5090
123.2205 -0.5214
123.3206 -0.5334
123.4206 -0.5451
123.5206 -0.5565
123.6206 -0.5677
123.7206 -0.5785
123.8206 -0.5890
123.9207 -0.5992
124.0207 -0.6091
124.1207 -0.6188
124.2207 -0.6281
124.3207 -0.6372
124.4207 -0.6460
124.5208 -0.6545
124.6208 -0.6628
124.7208 -0.6707
124.8208 -0.6785
124.9208 -0.6859
125.0208 -0.6931
125.1209 -0.7001
125.2209 -0.7068
125.3209 -0.7133
125.4209 -0.7195
125.5209 -0.7255
125.6209 -0.7313
125.7210 -0.7369
125.8210 -0.7423
125.9210 -0.7475
126.0210 -0.7524
126.1210 -0.7572
126.2210 -0.7618
126.3211 -0.7662
126.4211 -0.7704
126.5211 -0.7745
126.6211 -0.7784
126.7211 -0.7821
126.8211 -0.7856
126.9212 -0.7890
127.0212 -0.7923
127.1212 -0.7954
127.2212 -0.7983
127.3212 -0.8011
127.4212 -0.8038
127.5213 -0.8064
127.6213 -0.8088
127.7213 -0.8111
127.8213 -0.8133
127.9213 -0.8153
128.0213 -0.8172
128.1214 -0.8191
128.2214 -0.8208
128.3214 -0.8224
128.4214 -0.8239
128.5214 -0.8253
128.6214 -0.8266
128.7215 -0.8278
128.8215 -0.8289
128.9215 -0.8299
129.0215 -0.8308
129.1215 -0.8316
129.2215 -0.8324
129.3216 -0.8330
129.4216 -0.8335
129.5216 -0.8340
129.6216 -0.8344
129.7216 -0.8347
129.8216 -0.8349
129.9217 -0.8350
130.0217 -0.8350
130.1217 -0.8349
130.2217 -0.8348
130.3217 -0.8345
130.4217 -0.8342
130.5218 -0.8338
130.6218 -0.8333
130.7218 -0.8327
130.8218 -0.8321
130.9218 -0.8313
131.0218 -0.8304
131.1219 -0.8295
131.2219 -0.8284
131.3219 -0.8273
131.4219 -0.8260
131.5219 -0.8247
131.6219 -0.8233
131.7220 -0.8217
131.8220 -0.8201
131.9220 -0.8183
132.0220 -0.8164
132.1220 -0.8144
132.2220 -0.8123
132.3221 -0.8101
132.4221 -0.8078
132.5221 -0.8053
132.6221 -0.8027
132.7221 -0.7999
132.8221 -0.7971
132.9222 -0.7940
133.0222 -0.7909
133.1222 -0.7876
133.2222 -0.7841
133.3222 -0.7805
133.4222 -0.7767
133.5223 -0.7727
133.6223 -0.7686
133.7223 -0.7643
133.8223 -0.7598
133.9223 -0.7552
134.0223 -0.7503
134.1224 -0.7453
134.2224 -0.7400
134.3224 -0.7345
134.4224 -0.7289
134.5224 -0.7230
134.6224 -0.7168
134.7225 -0.7105
134.8225 -0.7039
134.9225 -0.6971
135.0225 -0.6900
135.1225 -0.6827
135.2225 -0.6751
135.3226 -0.6673
135.4226 -0.6592
135.5226 -0.6509
135.6226 -0.6422
135.7226 -0.6333
135.8226 -0.6241
135.9227 -0.6146
136.0227 -0.6049
136.1227 -0.5948
136.2227 -0.5845
136.3227 -0.5738
136.4227 -0.5629
136.5228 -0.5516
136.6228 -0.5401
136.7228 -0.5282
136.8228 -0.5160
136.9228 -0.5036
137.0228 -0.4908
137.1229 -0.4778
137.2229 -0.4644
137.3229 -0.4507
137.4229 -0.4368
137.5229 -0.4225
137.6229 -0.4080
137.7230 -0.3932
137.8230 -0.3781
137.9230 -0.3627
138.0230 -0.3471
138.1230 -0.3313
138.2230 -0.3151
138.3231 -0.2988
138.4231 -0.2822
138.5231 -0.2654
138.6231 -0.2484
138.7231 -0.2312
138.8231 -0.2138
138.9232 -0.1962
139.0232 -0.1785
139.1232 -0.1607
139.2232 -0.1427
139.3232 -0.1245
139.4232 -0.1063
139.5233 -0.0880
139.6233 -0.0696
139.7233 -0.0512
139.8233 -0.0327
139.9233 -0.0142
140.0233 0.0043
140.1234 0.0228
140.2234 0.0413
140.3234 0.0598
140.4234 0.0782
140.5234 0.0966
140.6234 0.1148
140.7235 0.1330
140.8235 0.1511
140.9235 0.1690
141.0235 0.1868
141.1235 0.2045
141.2235 0.2219
141.3236 0.2392
141.4236 0.2564
141.5236 0.2733
141.6236 0.2900
141.7236 0.3064
141.8236 0.3227
141.9237 0.3387
142.0237 0.3544
142.1237 0.3699
142.2237 0.3852
142.3237 0.4001
142.4237 0.4148
142.5238 0.4292
142.6238 0.4433
142.7238 0.4571
142.8238 0.4707
142.9238 0.4839
143.0238 0.4968
143.1239 0.5094
143.2239 0.5218
143.3239 0.5338
143.4239 0.5455
143.5239 0.5569
143.6239 0.5680
143.7240 0.5788
143.8240 0.5893
143.9240 0.5996
144.0240 0.6095
144.1240 0.6191
144.2240 0.6285
144.3241 0.6375
144.4241 0.6463
144.5241 0.6548
144.6241 0.6630
144.7241 0.6710
144.8241 0.6787
144.9242 0.6862
145.0242 0.6934
145.1242 0.7003
145.2242 0.7070
145.3242 0.7135
145.4242 0.7197
145.5243 0.7257
145.6243 0.7315
145.7243 0.7371
145.8243 0.7425
145.9243 0.7476
146.0243 0.7526
146.1244 0.7574
146.2244 0.7619
146.3244 0.7663
146.4244 0.7706
146.5244 0.7746
146.6244 0.7785
146.7245 0.7822
146.8245 0.7857
146.9245 0.7891
147.0245 0.7924
147.1245 0.7955
147.2245 0.7984
147.3246 0.8012
147.4246 0.8039
147.5246 0.8064
147.6246 0.8089
147.7246 0.8112
147.8246 0.8133
147.9247 0.8154
148.0247 0.8173
148.1247 0.8191
148.2247 0.8208
148.3247 0.8224
148.4247 0.8239
148.5248 0.8253
148.6248 0.8266
148.7248 0.8278
148.8248 0.8289
148.9248 0.8299
149.0248 0.8308
149.1249 0.8317
149.2249 0.8324
149.3249 0.8330
149.4249 0.8336
149.5249 0.8340
149.6249 0.8344
149.7250 0.8347
149.8250 0.8349
149.9250 0.8350
150.0250 0.8350
150.1250 0.8349
150.2250 0.8348
150.3251 0.8345
150.4251 0.8342
150.5251 0.8338
150.6251 0.8333
150.7251 0.8327
150.8251 0.8320
150.9252 0.8313
151.0252 0.8304
151.1252 0.8294
151.2252 0.8284
151.3252 0.8272
151.4252 0.8260
151.5253 0.8247
151.6253 0.8232
151.7253 0.8217
151.8253 0.8200
151.9253 0.8182
152.0253 0.8164
152.1254 0.8144
152.2254 0.8123
152.3254 0.8100
152.4254 0.8077
152.5254 0.8052
152.6254 0.8026
152.7255 0.7998
152.8255 0.7970
152.9255 0.7939
153.0255 0.7908
153.1255 0.7875
153.2255 0.7840
153.3256 0.7804
153.4256 0.7766
153.5256 0.7726
153.6256 0.7685
153.7256 0.7642
153.8256 0.7597
153.9257 0.7550
154.0257 0.7501
154.1257 0.7451
154.2257 0.7398
154.3257 0.7343
154.4257 0.7287
154.5258 0.7228
154.6258 0.7166
154.7258 0.7103
154.8258 0.7037
154.9258 0.6969
155.0258 0.6898
155.1259 0.6825
155.2259 0.6749
155.3259 0.6671
155.4259 0.6590
155.5259 0.6506
155.6259 0.6419
155.7260 0.6330
155.8260 0.6238
155.9260 0.6143
156.0260 0.6046
156.1260 0.5945
156.2260 0.5841
156.3261 0.5735
156.4261 0.5625
156.5261 0.5512
156.6261 0.5397
156.7261 0.5278
156.8261 0.5156
156.9262 0.5032
157.0262 0.4904
157.1262 0.4773
157.2262 0.4639
157.3262 0.4503
157.4262 0.4363
157.5263 0.4220
157.6263 0.4075
157.7263 0.3927
157.8263 0.3776
157.9263 0.3622
158.0263 0.3466
158.1264 0.3307
158.2264 0.3146
158.3264 0.2982
158.4264 0.2816
158.5264 0.2648
158.6264 0.2478
158.7265 0.2306
158.8265 0.2132
158.9265 0.1957
159.0265 0.1779
159.1265 0.1601
159.2265 0.1421
159.3266 0.1239
159.4266 0.1057
159.5266 0.0874
159.6266 0.0690
159.7266 0.0506
159.8266 0.0321
159.9267 0.0136
160.0267 -0.0049
160.1267 -0.0235
160.2267 -0.0420
160.3267 -0.0604
160.4267 -0.0788
160.5268 -0.0972
160.6268 -0.1154
160.7268 -0.1336
160.8268 -0.1517
160.9268 -0.1696
161.0268 -0.1874
161.1269 -0.2050
161.2269 -0.2225
161.3269 -0.2398
161.4269 -0.2569
161.5269 -0.2738
161.6269 -0.2905
161.7270 -0.3070
161.8270 -0.3232
161.9270 -0.3392
162.0270 -0.3550
162.1270 -0.3705
162.2270 -0.3857
162.3271 -0.4006
162.4271 -0.4153
162.5271 -0.4297
162.6271 -0.4438
162.7271 -0.4576
162.8271 -0.4711
162.9272 -0.4843
163.0272 -0.4972
163.1272 -0.5099
163.2272 -0.5222
163.3272 -0.5342
163.4272 -0.5459
163.5273 -0.5573
163.6273 -0.5684
163.7273 -0.5792
163.8273 -0.5897
163.9273 -0.5999
164.0273 -0.6098
164.1274 -0.6194
164.2274 -0.6288
164.3274 -0.6378
164.4274 -0.6466
164.5274 -0.6551
164.6274 -0.6633
164.7275 -0.6713
164.8275 -0.6790
164.9275 -0.6864
165.0275 -0.6936
165.1275 -0.7005
165.2275 -0.7072
165.3276 -0.7137
165.4276 -0.7199
165.5276 -0.7259
165.6276 -0.7317
165.7276 -0.7373
165.8276 -0.7426
165.9277 -0.7478
166.0277 -0.7528
166.1277 -0.7575
166.2277 -0.7621
166.3277 -0.7665
166.4277 -0.7707
166.5278 -0.7747
166.6278 -0.7786
166.7278 -0.7823
166.8278 -0.7859
166.9278 -0.7892
167.0278 -0.7925
167.1279 -0.7956
167.2279 -0.7985
167.3279 -0.8013
167.4279 -0.8040
167.5279 -0.8065
167.6279 -0.8089
167.7280 -0.8112
167.8280 -0.8134
167.9280 -0.8154
168.0280 -0.8174
168.1280 -0.8192
168.2280 -0.8209
168.3281 -0.8225
168.4281 -0.8240
168.5281 -0.8254
168.6281 -0.8267
168.7281 -0.8279
168.8281 -0.8290
168.9282 -0.8300
169.0282 -0.8309
169.1282 -0.8317
169.2282 -0.8324
169.3282 -0.8330
169.4282 -0.8336
169.5283 -0.8340
169.6283 -0.8344
169.7283 -0.8347
169.8283 -0.8349
169.9283 -0.8350
170.0283 -0.8350
170.1284 -0.8349
170.2284 -0.8348
170.3284 -0.8345
170.4284 -0.8342
170.5284 -0.8338
170.6284 -0.8333
170.7285 -0.8327
170.8285 -0.8320
170.9285 -0.8312
171.0285 -0.8304
171.1285 -0.8294
171.2285 -0.8284
171.3286 -0.8272
171.4286 -0.8260
171.5286 -0.8246
171.6286 -0.8232
171.7286 -0.8216
171.8286 -0.8199
171.9287 -0.8182
172.0287 -0.8163
172.1287 -0.8143
172.2287 -0.8122
172.3287 -0.8099
172.4287 -0.8076
172.5288 -0.8051
172.6288 -0.8025
172.7288 -0.7997
172.8288 -0.7969
172.9288 -0.7938
173.0288 -0.7907
173.1289 -0.7873
173.2289 -0.7839
173.3289 -0.7802
173.4289 -0.7764
173.5289 -0.7725
173.6289 -0.7683
173.7290 -0.7640
173.8290 -0.7595
173.9290 -0.7548
174.0290 -0.7500
174.1290 -0.7449
174.2290 -0.7396
174.3291 -0.7342
174.4291 -0.7285
174.5291 -0.7226
174.6291 -0.7164
174.7291 -0.7101
174.8291 -0.7035
174.9292 -0.6966
175.0292 -0.6895
175.1292 -0.6822
175.2292 -0.6746
175.3292 -0.6668
175.4292 -0.6587
175.5293 -0.6503
175.6293 -0.6416
175.7293 -0.6327
175.8293 -0.6235
175.9293 -0.6140
176.0293 -0.6042
176.1294 -0.5941
176.2294 -0.5838
176.3294 -0.5731
176.4294 -0.5621
176.5294 -0.5509
176.6294 -0.5393
176.7295 -0.5274
176.8295 -0.5152
176.9295 -0.5027
177.0295 -0.4900
177.1295 -0.4769
177.2295 -0.4635
177.3296 -0.4498
177.4296 -0.4358
177.5296 -0.4216
177.6296 -0.4070
177.7296 -0.3922
177.8296 -0.3771
177.9297 -0.3617
178.0297 -0.3461
178.1297 -0.3302
178.2297 -0.3141
178.3297 -0.2977
178.4297 -0.2811
178.5298 -0.2643
178.6298 -0.2473
178.7298 -0.2300
178.8298 -0.2126
178.9298 -0.1951
179.0298 -0.1773
179.1299 -0.1595
179.2299 -0.1415
179.3299 -0.1233
179.4299 -0.1051
179.5299 -0.0868
179.6299 -0.0684
179.7300 -0.0500
179.8300 -0.0315
179.9300 -0.0130
180.0300 0.0056
180.1300 0.0241
180.2300 0.0426
180.3301 0.0610
180.4301 0.0794
180.5301 0.0978
180.6301 0.1161
180.7301 0.1342
180.8301 0.1523
180.9302 0.1702
181.0302 0.1880
181.1302 0.2056
181.2302 0.2231
181.3302 0.2404
181.4302 0.2575
181.5303 0.2744
181.6303 0.2911
181.7303 0.3075
181.8303 0.3238
181.9303 0.3398
182.0303 0.3555
182.1304 0.3710
182.2304 0.3862
182.3304 0.4011
182.4304 0.4158
182.5304 0.4302
182.6304 0.4443
182.7305 0.4581
182.8305 0.4716
182.9305 0.4848
183.0305 0.4977
183.1305 0.5103
183.2305 0.5226
183.3306 0.5346
183.4306 0.5463
183.5306 0.5577
183.6306 0.5687
183.7306 0.5795
183.8306 0.5900
183.9307 0.6002
184.0307 0.6101
184.1307 0.6197
184.2307 0.6291
184.3307 0.6381
184.4307 0.6469
184.5308 0.6554
184.6308 0.6636
184.7308 0.6715
184.8308 0.6792
184.9308 0.6866
185.0308 0.6938
185.1309 0.7008
185.2309 0.7074
185.3309 0.7139
185.4309 0.7201
185.5309 0.7261
185.6309 0.7319
185.7310 0.7375
185.8310 0.7428
185.9310 0.7480
186.0310 0.7529
186.1310 0.7577
186.2310 0.7622
186.3311 0.7666
186.4311 0.7708
186.5311 0.7749
186.6311 0.7787
186.7311 0.7824
186.8311 0.7860
186.9312 0.7894
187.0312 0.7926
187.1312 0.7957
187.2312 0.7986
187.3312 0.8014
187.4312 0.8041
187.5313 0.8066
187.6313 0.8090
187.7313 0.8113
187.8313 0.8135
187.9313 0.8155
188.0313 0.8174
188.1314 0.8192
188.2314 0.8210
188.3314 0.8225
188.4314 0.8240
188.5314 0.8254
188.6314 0.8267
188.7315 0.8279
188.8315 0.8290
188.9315 0.8300
189.0315 0.8309
189.1315 0.8317
189.2315 0.8324
189.3316 0.8331
189.4316 0.8336
189.5316 0.8340
189.6316 0.8344
189.7316 0.8347
189.8316 0.8349
189.9317 0.8350
190.0317 0.8350
190.1317 0.8349
190.2317 0.8348
190.3317 0.8345
190.4317 0.8342
190.5318 0.8338
190.6318 0.8333
190.7318 0.8327
190.8318 0.8320
190.9318 0.8312
191.0318 0.8303
191.1319 0.8294
191.2319 0.8283
191.3319 0.8272
191.4319 0.8259
191.5319 0.8246
191.6319 0.8231
191.7320 0.8216
191.8320 0.8199
191.9320 0.8181
192.0320 0.8162
192.1320 0.8142
192.2320 0.8121
192.3321 0.8099
192.4321 0.8075
192.5321 0.8050
192.6321 0.8024
192.7321 0.7997
192.8321 0.7968
192.9322 0.7937
193.0322 0.7906
193.1322 0.7872
193.2322 0.7837
193.3322 0.7801
193.4322 0.7763
193.5323 0.7723
193.6323 0.7682
193.7323 0.7639
193.8323 0.7594
193.9323 0.7547
194.0323 0.7498
194.1324 0.7447
194.2324 0.7395
194.3324 0.7340
194.4324 0.7283
194.5324 0.7224
194.6324 0.7162
194.7325 0.7098
194.8325 0.7032
194.9325 0.6964
195.0325 0.6893
195.1325 0.6820
195.2325 0.6744
195.3326 0.6665
195.4326 0.6584
195.5326 0.6500
195.6326 0.6414
195.7326 0.6324
195.8326 0.6232
195.9327 0.6137
196.0327 0.6039
196.1327 0.5938
196.2327 0.5834
196.3327 0.5727
196.4327 0.5618
196.5328 0.5505
196.6328 0.5389
196.7328 0.5270
196.8328 0.5148
196.9328 0.5023
197.0328 0.4895
197.1329 0.4764
197.2329 0.4630
197.3329 0.4493
197.4329 0.4354
197.5329 0.4211
197.6329 0.4065
197.7330 0.3917
197.8330 0.3766
197.9330 0.3612
198.0330 0.3456
198.1330 0.3297
198.2330 0.3135
198.3331 0.2971
198.4331 0.2805
198.5331 0.2637
198.6331 0.2467
198.7331 0.2295
198.8331 0.2121
198.9332 0.1945
199.0332 0.1767
199.1332 0.1589
199.2332 0.1409
199.3332 0.1227
199.4332 0.1045
199.5333 0.0862
199.6333 0.0678
199.7333 0.0493
199.8333 0.0309
199.9333 0.0123
200.0333 -0.0062
200.1334 -0.0247
200.2334 -0.0432
200.3334 -0.0617
200.4334 -0.0801
200.5334 -0.0984
200.6334 -0.1167
200.7335 -0.1348
200.8335 -0.1529
200.9335 -0.1708
201.0335 -0.1886
201.1335 -0.2062
201.2335 -0.2237
201.3336 -0.2410
201.4336 -0.2581
201.5336 -0.2749
201.6336 -0.2916
201.7336 -0.3081
201.8336 -0.3243
201.9337 -0.3403
202.0337 -0.3560
202.1337 -0.3715
202.2337 -0.3867
202.3337 -0.4016
202.4337 -0.4163
202.5338 -0.4306
202.6338 -0.4447
202.7338 -0.4585
202.8338 -0.4720
202.9338 -0.4852
203.0338 -0.4981
203.1339 -0.5107
203.2339 -0.5230
203.3339 -0.5350
203.4339 -0.5466
203.5339 -0.5580
203.6339 -0.5691
203.7340 -0.5799
203.8340 -0.5904
203.9340 -0.6006
204.0340 -0.6105
204.1340 -0.6201
204.2340 -0.6294
204.3341 -0.6384
204.4341 -0.6472
204.5341 -0.6556
204.6341 -0.6638
204.7341 -0.6718
204.8341 -0.6795
204.9342 -0.6869
205.0342 -0.6941
205.1342 -0.7010
205.2342 -0.7077
205.3342 -0.7141
205.4342 -0.7203
205.5343 -0.7263
205.6343 -0.7321
205.7343 -0.7377
205.8343 -0.7430
205.9343 -0.7481
206.0343 -0.7531
206.1344 -0.7578
206.2344 -0.7624
206.3344 -0.7668
206.4344 -0.7710
206.5344 -0.7750
206.6344 -0.7789
206.7345 -0.7826
206.8345 -0.7861
206.9345 -0.7895
207.0345 -0.7927
207.1345 -0.7958
207.2345 -0.7987
207.3346 -0.8015
207.4346 -0.8042
207.5346 -0.8067
207.6346 -0.8091
207.7346 -0.8114
207.8346 -0.8135
207.9347 -0.8156
208.0347 -0.8175
208.1347 -0.8193
208.2347 -0.8210
208.3347 -0.8226
208.4347 -0.8241
208.5348 -0.8255
208.6348 -0.8268
208.7348 -0.8279
208.8348 -0.8290
208.9348 -0.8300
209.0348 -0.8309
209.1349 -0.8317
209.2349 -0.8324
209.3349 -0.8331
209.4349 -0.8336
209.5349 -0.8341
209.6349 -0.8344
209.7350 -0.8347
209.8350 -0.8349
209.9350 -0.8350
210.0350 -0.8350
210.1350 -0.8349
210.2350 -0.8348
210.3351 -0.8345
210.4351 -0.8342
210.5351 -0.8338
210.6351 -0.8332
210.7351 -0.8326
210.8351 -0.8320
210.9352 -0.8312
211.0352 -0.8303
211.1352 -0.8293
211.2352 -0.8283
211.3352 -0.8271
211.4352 -0.8259
211.5353 -0.8245
211.6353 -0.8231
211.7353 -0.8215
211.8353 -0.8198
211.9353 -0.8181
212.0353 -0.8162
212.1354 -0.8142
212.2354 -0.8120
212.3354 -0.8098
212.4354 -0.8074
212.5354 -0.8049
212.6354 -0.8023
212.7355 -0.7996
212.8355 -0.7967
212.9355 -0.7936
213.0355 -0.7904
213.1355 -0.7871
213.2355 -0.7836
213.3356 -0.7800
213.4356 -0.7762
213.5356 -0.7722
213.6356 -0.7681
213.7356 -0.7637
213.8356 -0.7592
213.9357 -0.7545
214.0357 -0.7496
214.1357 -0.7446
214.2357 -0.7393
214.3357 -0.7338
214.4357 -0.7281
214.5358 -0.7222
214.6358 -0.7160
214.7358 -0.7096
214.8358 -0.7030
214.9358 -0.6962
215.0358 -0.6891
215.1359 -0.6817
215.2359 -0.6741
215.3359 -0.6663
215.4359 -0.6581
215.5359 -0.6497
215.6359 -0.6411
215.7360 -0.6321
215.8360 -0.6229
215.9360 -0.6134
216.0360 -0.6036
216.1360 -0.5935
216.2360 -0.5831
216.3361 -0.5724
216.4361 -0.5614
216.5361 -0.5501
216.6361 -0.5385
216.7361 -0.5266
216.8361 -0.5144
216.9362 -0.5019
217.0362 -0.4891
217.1362 -0.4760
217.2362 -0.4626
217.3362 -0.4489
217.4362 -0.4349
217.5363 -0.4206
217.6363 -0.4060
217.7363 -0.3912
217.8363 -0.3761
217.9363 -0.3607
218.0363 -0.3450
218.1364 -0.3291
218.2364 -0.3130
218.3364 -0.2966
218.4364 -0.2800
218.5364 -0.2631
218.6364 -0.2461
218.7365 -0.2289
218.8365 -0.2115
218.9365 -0.1939
219.0365 -0.1761
219.1365 -0.1583
219.2365 -0.1403
219.3366 -0.1221
219.4366 -0.1039
219.5366 -0.0856
219.6366 -0.0672
219.7366 -0.0487
219.8366 -0.0302
219.9367 -0.0117
220.0367 0.0068
220.1367 0.0253
220.2367 0.0438
220.3367 0.0623
220.4367 0.0807
220.5368 0.0990
220.6368 0.1173
220.7368 0.1354
220.8368 0.1535
220.9368 0.1714
221.0368 0.1892
221.1369 0.2068
221.2369 0.2243
221.3369 0.2415
221.4369 0.2586
221.5369 0.2755
221.6369 0.2922
221.7370 0.3086
221.8370 0.3248
221.9370 0.3408
222.0370 0.3565
222.1370 0.3720
222.2370 0.3872
222.3371 0.4021
222.4371 0.4168
222.5371 0.4311
222.6371 0.4452
222.7371 0.4590
222.8371 0.4724
222.9372 0.4856
223.0372 0.4985
223.1372 0.5111
223.2372 0.5234
223.3372 0.5354
223.4372 0.5470
223.5373 0.5584
223.6373 0.5695
223.7373 0.5802
223.8373 0.5907
223.9373 0.6009
224.0373 0.6108
224.1374 0.6204
224.2374 0.6297
224.3374 0.6387
224.4374 0.6474
224.5374 0.6559
224.6374 0.6641
224.7375 0.6720
224.8375 0.6797
224.9375 0.6871
225.0375 0.6943
225.1375 0.7012
225.2375 0.7079
225.3376 0.7143
225.4376 0.7205
225.5376 0.7265
225.6376 0.7323
225.7376 0.7378
225.8376 0.7432
225.9377 0.7483
226.0377 0.7532
226.1377 0.7580
226.2377 0.7625
226.3377 0.7669
226.4377 0.7711
226.5378 0.7751
226.6378 0.7790
226.7378 0.7827
226.8378 0.7862
226.9378 0.7896
227.0378 0.7928
227.1379 0.7959
227.2379 0.7988
227.3379 0.8016
227.4379 0.8042
227.5379 0.8068
227.6379 0.8092
227.7380 0.8115
227.8380 0.8136
227.9380 0.8156
228.0380 0.8176
228.1380 0.8194
228.2380 0.8211
228.3381 0.8227
228.4381 0.8241
228.5381 0.8255
228.6381 0.8268
228.7381 0.8280
228.8381 0.8291
228.9382 0.8301
229.0382 0.8310
229.1382 0.8318
229.2382 0.8325
229.3382 0.8331
229.4382 0.8336
229.5383 0.8341
229.6383 0.8344
229.7383 0.8347
229.8383 0.8349
229.9383 0.8350
230.0383 0.8350
230.1384 0.8349
230.2384 0.8347
230.3384 0.8345
230.4384 0.8342
230.5384 0.8337
230.6384 0.8332
230.7385 0.8326
230.8385 0.8319
230.9385 0.8312
231.0385 0.8303
231.1385 0.8293
231.2385 0.8282
231.3386 0.8271
231.4386 0.8258
231.5386 0.8245
231.6386 0.8230
231.7386 0.8214
231.8386 0.8198
231.9387 0.8180
232.0387 0.8161
232.1387 0.8141
232.2387 0.8120
232.3387 0.8097
232.4387 0.8073
232.5388 0.8049
232.6388 0.8022
232.7388 0.7995
232.8388 0.7966
232.9388 0.7935
233.0388 0.7903
233.1389 0.7870
233.2389 0.7835
233.3389 0.7799
233.4389 0.7760
233.5389 0.7721
233.6389 0.7679
233.7390 0.7636
233.8390 0.7591
233.9390 0.7544
234.0390 0.7495
234.1390 0.7444
234.2390 0.7391
234.3391 0.7336
234.4391 0.7279
234.5391 0.7220
234.6391 0.7158
234.7391 0.7094
234.8391 0.7028
234.9392 0.6959
235.0392 0.6888
235.1392 0.6815
235.2392 0.6739
235.3392 0.6660
235.4392 0.6579
235.5393 0.6494
235.6393 0.6408
235.7393 0.6318
235.8393 0.6226
235.9393 0.6130
236.0393 0.6032
236.1394 0.5931
236.2394 0.5827
236.3394 0.5720
236.4394 0.5610
236.5394 0.5497
236.6394 0.5381
236.7395 0.5262
236.8395 0.5140
236.9395 0.5015
237.0395 0.4887
237.1395 0.4755
237.2395 0.4621
237.3396 0.4484
237.4396 0.4344
237.5396 0.4201
237.6396 0.4055
237.7396 0.3907
237.8396 0.3756
237.9397 0.3602
238.0397 0.3445
238.1397 0.3286
238.2397 0.3124
238.3397 0.2960
238.4397 0.2794
238.5398 0.2626
238.6398 0.2455
238.7398 0.2283
238.8398 0.2109
238.9398 0.1933
239.0398 0.1756
239.1399 0.1577
239.2399 0.1396
239.3399 0.1215
239.4399 0.1033
239.5399 0.0850
239.6399 0.0666
239.7400 0.0481
239.8400 0.0296
239.9400 0.0111
240.0400 -0.0074
240.1400 -0.0259
240.2400 -0.0444
240.3401 -0.0629
240.4401 -0.0813
240.5401 -0.0996
240.6401 -0.1179
240.7401 -0.1360
240.8401 -0.1541
240.9402 -0.1720
241.0402 -0.1898
241.1402 -0.2074
241.2402 -0.2248
241.3402 -0.2421
241.4402 -0.2592
241.5403 -0.2761
241.6403 -0.2927
241.7403 -0.3092
241.8403 -0.3254
241.9403 -0.3413
242.0403 -0.3570
242.1404 -0.3725
242.2404 -0.3877
242.3404 -0.4026
242.4404 -0.4172
242.5404 -0.4316
242.6404 -0.4456
242.7405 -0.4594
242.8405 -0.4729
242.9405 -0.4861
243.0405 -0.4989
243.1405 -0.5115
243.2405 -0.5238
243.3406 -0.5358
243.4406 -0.5474
243.5406 -0.5588
243.6406 -0.5698
243.7406 -0.5806
243.8406 -0.5911
243.9407 -0.6012
244.0407 -0.6111
244.1407 -0.6207
244.2407 -0.6300
244.3407 -0.6390
244.4407 -0.6477
244.5408 -0.6562
244.6408 -0.6644
244.7408 -0.6723
244.8408 -0.6800
244.9408 -0.6874
245.0408 -0.6945
245.1409 -0.7014
245.2409 -0.7081
245.3409 -0.7145
245.4409 -0.7207
245.5409 -0.7267
245.6409 -0.7325
245.7410 -0.7380
245.8410 -0.7433
245.9410 -0.7485
246.0410 -0.7534
246.1410 -0.7581
246.2410 -0.7627
246.3411 -0.7671
246.4411 -0.7712
246.5411 -0.7753
246.6411 -0.7791
246.7411 -0.7828
246.8411 -0.7863
246.9412 -0.7897
247.0412 -0.7929
247.1412 -0.7960
247.2412 -0.7989
247.3412 -0.8017
247.4412 -0.8043
247.5413 -0.8069
247.6413 -0.8093
247.7413 -0.8115
247.8413 -0.8137
247.9413 -0.8157
248.0413 -0.8176
248.1414 -0.8194
248.2414 -0.8211
248.3414 -0.8227
248.4414 -0.8242
248.5414 -0.8256
248.6414 -0.8268
248.7415 -0.8280
248.8415 -0.8291
248.9415 -0.8301
249.0415 -0.8310
249.1415 -0.8318
249.2415 -0.8325
249.3416 -0.8331
249.4416 -0.8336
249.5416 -0.8341
249.6416 -0.8344
249.7416 -0.8347
249.8416 -0.8349
249.9417 -0.8350
250.0417 -0.8350
250.1417 -0.8349
250.2417 -0.8347
250.3417 -0.8345
250.4417 -0.8341
250.5418 -0.8337
250.6418 -0.8332
250.7418 -0.8326
250.8418 -0.8319
250.9418 -0.8311
251.0418 -0.8302
251.1419 -0.8293
251.2419 -0.8282
251.3419 -0.8270
251.4419 -0.8258
251.5419 -0.8244
251.6419 -0.8230
251.7420 -0.8214
251.8420 -0.8197
251.9420 -0.8179
252.0420 -0.8160
252.1420 -0.8140
252.2420 -0.8119
252.3421 -0.8096
252.4421 -0.8073
252.5421 -0.8048
252.6421 -0.8021
252.7421 -0.7994
252.8421 -0.7965
252.9422 -0.7934
253.0422 -0.7902
253.1422 -0.7869
253.2422 -0.7834
253.3422 -0.7797
253.4422 -0.7759
253.5423 -0.7719
253.6423 -0.7678
253.7423 -0.7634
253.8423 -0.7589
253.9423 -0.7542
254.0423 -0.7493
254.1424 -0.7442
254.2424 -0.7389
254.3424 -0.7334
254.4424 -0.7277
254.5424 -0.7218
254.6424 -0.7156
254.7425 -0.7092
254.8425 -0.7026
254.9425 -0.6957
255.0425 -0.6886
255.1425 -0.6812
255.2425 -0.6736
255.3426 -0.6657
255.4426 -0.6576
255.5426 -0.6492
255.6426 -0.6405
255.7426 -0.6315
255.8426 -0.6223
255.9427 -0.6127
256.0427 -0.6029
256.1427 -0.5928
256.2427 -0.5824
256.3427 -0.5717
256.4427 -0.5606
256.5428 -0.5493
256.6428 -0.5377
256.7428 -0.5258
256.8428 -0.5136
256.9428 -0.5011
257.0428 -0.4882
257.1429 -0.4751
257.2429 -0.4617
257.3429 -0.4480
257.4429 -0.4339
257.5429 -0.4196
257.6429 -0.4051
257.7430 -0.3902
257.8430 -0.3751
257.9430 -0.3596
258.0430 -0.3440
258.1430 -0.3281
258.2430 -0.3119
258.3431 -0.2955
258.4431 -0.2789
258.5431 -0.2620
258.6431 -0.2450
258.7431 -0.2277
258.8431 -0.2103
258.9432 -0.1927
259.0432 -0.1750
259.1432 -0.1571
259.2432 -0.1390
259.3432 -0.1209
259.4432 -0.1027
259.5433 -0.0843
259.6433 -0.0660
259.7433 -0.0475
259.8433 -0.0290
259.9433 -0.0105
260.0433 0.0080
260.1434 0.0265
260.2434 0.0450
260.3434 0.0635
260.4434 0.0819
260.5434 0.1002
260.6434 0.1185
260.7435 0.1366
260.8435 0.1547
260.9435 0.1726
261.0435 0.1904
261.1435 0.2080
261.2435 0.2254
261.3436 0.2427
261.4436 0.2598
261.5436 0.2766
261.6436 0.2933
261.7436 0.3097
261.8436 0.3259
261.9437 0.3419
262.0437 0.3576
262.1437 0.3730
262.2437 0.3882
262.3437 0.4031
262.4437 0.4177
262.5438 0.4321
262.6438 0.4461
262.7438 0.4599
262.8438 0.4733
262.9438 0.4865
263.0438 0.4994
263.1439 0.5119
263.2439 0.5242
263.3439 0.5361
263.4439 0.5478
263.5439 0.5592
263.6439 0.5702
263.7440 0.5810
263.8440 0.5914
263.9440 0.6016
264.0440 0.6114
264.1440 0.6210
264.2440 0.6303
264.3441 0.6393
264.4441 0.6480
264.5441 0.6565
264.6441 0.6646
264.7441 0.6726
264.8441 0.6802
264.9442 0.6876
265.0442 0.6948
265.1442 0.7017
265.2442 0.7083
265.3442 0.7147
265.4442 0.7209
265.5443 0.7269
265.6443 0.7327
265.7443 0.7382
265.8443 0.7435
265.9443 0.7486
266.0443 0.7536
266.1444 0.7583
266.2444 0.7628
266.3444 0.7672
266.4444 0.7714
266.5444 0.7754
266.6444 0.7792
266.7445 0.7829
266.8445 0.7864
266.9445 0.7898
267.0445 0.7930
267.1445 0.7961
267.2445 0.7990
267.3446 0.8018
267.4446 0.8044
267.5446 0.8069
267.6446 0.8093
267.7446 0.8116
267.8446 0.8137
267.9447 0.8158
268.0447 0.8177
268.1447 0.8195
268.2447 0.8212
268.3447 0.8228
268.4447 0.8242
268.5448 0.8256
268.6448 0.8269
268.7448 0.8281
268.8448 0.8291
268.9448 0.8301
269.0448 0.8310
269.1449 0.8318
269.2449 0.8325
269.3449 0.8331
269.4449 0.8337
269.5449 0.8341
269.6449 0.8344
269.7450 0.8347
269.8450 0.8349
269.9450 0.8350
270.0450 0.8350
270.1450 0.8349
270.2450 0.8347
270.3451 0.8345
270.4451 0.8341
270.5451 0.8337
270.6451 0.8332
270.7451 0.8326
270.8451 0.8319
270.9452 0.8311
271.0452 0.8302
271.1452 0.8292
271.2452 0.8282
271.3452 0.8270
271.4452 0.8257
271.5453 0.8244
271.6453 0.8229
271.7453 0.8213
271.8453 0.8197
271.9453 0.8179
272.0453 0.8160
272.1454 0.8140
272.2454 0.8118
272.3454 0.8096
272.4454 0.8072
272.5454 0.8047
272.6454 0.8020
272.7455 0.7993
272.8455 0.7964
272.9455 0.7933
273.0455 0.7901
273.1455 0.7868
273.2455 0.7833
273.3456 0.7796
273.4456 0.7758
273.5456 0.7718
273.6456 0.7676
273.7456 0.7633
273.8456 0.7588
273.9457 0.7541
274.0457 0.7491
274.1457 0.7440
274.2457 0.7387
274.3457 0.7332
274.4457 0.7275
274.5458 0.7215
274.6458 0.7154
274.7458 0.7090
274.8458 0.7023
274.9458 0.6955
275.0458 0.6883
275.1459 0.6810
275.2459 0.6733
275.3459 0.6655
275.4459 0.6573
275.5459 0.6489
275.6459 0.6402
275.7460 0.6312
275.8460 0.6219
275.9460 0.6124
276.0460 0.6026
276.1460 0.5924
276.2460 0.5820
276.3461 0.5713
276.4461 0.5603
276.5461 0.5489
276.6461 0.5373
276.7461 0.5254
276.8461 0.5132
276.9462 0.5006
277.0462 0.4878
277.1462 0.4747
277.2462 0.4612
277.3462 0.4475
277.4462 0.4335
277.5463 0.4192
277.6463 0.4046
277.7463 0.3897
277.8463 0.3745
277.9463 0.3591
278.0463 0.3434
278.1464 0.3275
278.2464 0.3113
278.3464 0.2949
278.4464 0.2783
278.5464 0.2615
278.6464 0.2444
278.7465 0.2271
278.8465 0.2097
278.9465 0.1921
279.0465 0.1744
279.1465 0.1565
279.2465 0.1384
279.3466 0.1203
279.4466 0.1021
279.5466 0.0837
279.6466 0.0653
279.7466 0.0469
279.8466 0.0284
279.9467 0.0099
280.0467 -0.0086
280.1467 -0.0272
280.2467 -0.0457
280.3467 -0.0641
280.4467 -0.0825
280.5468 -0.1008
280.6468 -0.1191
280.7468 -0.1372
280.8468 -0.1553
280.9468 -0.1732
281.0468 -0.1909
281.1469 -0.2086
281.2469 -0.2260
281.3469 -0.2433
281.4469 -0.2603
281.5469 -0.2772
281.6469 -0.2938
281.7470 -0.3103
281.8470 -0.3264
281.9470 -0.3424
282.0470 -0.3581
282.1470 -0.3735
282.2470 -0.3887
282.3471 -0.4036
282.4471 -0.4182
282.5471 -0.4325
282.6471 -0.4466
282.7471 -0.4603
282.8471 -0.4738
282.9472 -0.4869
283.0472 -0.4998
283.1472 -0.5123
283.2472 -0.5246
283.3472 -0.5365
283.4472 -0.5482
283.5473 -0.5595
283.6473 -0.5706
283.7473 -0.5813
283.8473 -0.5917
283.9473 -0.6019
284.0473 -0.6117
284.1474 -0.6213
284.2474 -0.6306
284.3474 -0.6396
284.4474 -0.6483
284.5474 -0.6567
284.6474 -0.6649
284.7475 -0.6728
284.8475 -0.6805
284.9475 -0.6879
285.0475 -0.6950
285.1475 -0.7019
285.2475 -0.7085
285.3476 -0.7150
285.4476 -0.7211
285.5476 -0.7271
285.6476 -0.7328
285.7476 -0.7384
285.8476 -0.7437
285.9477 -0.7488
286.0477 -0.7537
286.1477 -0.7585
286.2477 -0.7630
286.3477 -0.7673
286.4477 -0.7715
286.5478 -0.7755
286.6478 -0.7794
286.7478 -0.7830
286.8478 -0.7865
286.9478 -0.7899
287.0478 -0.7931
287.1479 -0.7962
287.2479 -0.7991
287.3479 -0.8019
287.4479 -0.8045
287.5479 -0.8070
287.6479 -0.8094
287.7480 -0.8117
287.8480 -0.8138
287.9480 -0.8158
288.0480 -0.8177
288.1480 -0.8195
288.2480 -0.8212
288.3481 -0.8228
288.4481 -0.8243
288.5481 -0.8257
288.6481 -0.8269
288.7481 -0.8281
288.8481 -0.8292
288.9482 -0.8302
289.0482 -0.8310
289.1482 -0.8318
289.2482 -0.8325
289.3482 -0.8331
289.4482 -0.8337
289.5483 -0.8341
289.6483 -0.8345
289.7483 -0.8347
289.8483 -0.8349
289.9483 -0.8350
290.0483 -0.8350
290.1484 -0.8349
290.2484 -0.8347
290.3484 -0.8345
290.4484 -0.8341
290.5484 -0.8337
290.6484 -0.8332
290.7485 -0.8326
290.8485 -0.8319
290.9485 -0.8311
291.0485 -0.8302
291.1485 -0.8292
291.2485 -0.8281
291.3486 -0.8270
291.4486 -0.8257
291.5486 -0.8243
291.6486 -0.8229
291.7486 -0.8213
291.8486 -0.8196
291.9487 -0.8178
292.0487 -0.8159
292.1487 -0.8139
292.2487 -0.8117
292.3487 -0.8095
292.4487 -0.8071
292.5488 -0.8046
292.6488 -0.8020
292.7488 -0.7992
292.8488 -0.7963
292.9488 -0.7932
293.0488 -0.7900
293.1489 -0.7867
293.2489 -0.7831
293.3489 -0.7795
293.4489 -0.7757
293.5489 -0.7717
293.6489 -0.7675
293.7490 -0.7631
293.8490 -0.7586
293.9490 -0.7539
294.0490 -0.7490
294.1490 -0.7439
294.2490 -0.7386
294.3491 -0.7330
294.4491 -0.7273
294.5491 -0.7213
294.6491 -0.7152
294.7491 -0.7088
294.8491 -0.7021
294.9492 -0.6952
295.0492 -0.6881
295.1492 -0.6807
295.2492 -0.6731
295.3492 -0.6652
295.4492 -0.6570
295.5493 -0.6486
295.6493 -0.6399
295.7493 -0.6309
295.8493 -0.6216
295.9493 -0.6121
296.0493 -0.6022
296.1494 -0.5921
296.2494 -0.5817
296.3494 -0.5709
296.4494 -0.5599
296.5494 -0.5486
296.6494 -0.5369
296.7495 -0.5250
296.8495 -0.5128
296.9495 -0.5002
297.0495 -0.4874
297.1495 -0.4742
297.2495 -0.4608
297.3496 -0.4470
297.4496 -0.4330
297.5496 -0.4187
297.6496 -0.4041
297.7496 -0.3892
297.8496 -0.3740
297.9497 -0.3586
298.0497 -0.3429
298.1497 -0.3270
298.2497 -0.3108
298.3497 -0.2944
298.4497 -0.2777
298.5498 -0.2609
298.6498 -0.2438
298.7498 -0.2266
298.8498 -0.2091
298.9498 -0.1915
299.0498 -0.1738
299.1499 -0.1559
299.2499 -0.1378
299.3499 -0.1197
299.4499 -0.1015
299.5499 -0.0831
299.6499 -0.0647
299.7500 -0.0463
299.8500 -0.0278
299.9500 -0.0093
300.0500 0.0093
300.1500 0.0278
300.2500 0.0463
300.3501 0.0647
300.4501 0.0831
300.5501 0.1015
300.6501 0.1197
300.7501 0.1378
300.8501 0.1559
300.9502 0.1738
301.0502 0.1915
301.1502 0.2091
301.2502 0.2266
301.3502 0.2438
301.4502 0.2609
301.5503 0.2777
301.6503 0.2944
301.7503 0.3108
301.8503 0.3270
301.9503 0.3429
302.0503 0.3586
302.1504 0.3740
302.2504 0.3892
302.3504 0.4041
302.4504 0.4187
302.5504 0.4330
302.6504 0.4470
302.7505 0.4608
302.8505 0.4742
302.9505 0.4874
303.0505 0.5002
303.1505 0.5128
303.2505 0.5250
303.3506 0.5369
303.4506 0.5486
303.5506 0.5599
303.6506 0.5709
303.7506 0.5817
303.8506 0.5921
303.9507 0.6022
304.0507 0.6121
304.1507 0.6216
304.2507 0.6309
304.3507 0.6399
304.4507 0.6486
304.5508 0.6570
304.6508 0.6652
304.7508 0.6731
304.8508 0.6807
304.9508 0.6881
305.0508 0.6952
305.1509 0.7021
305.2509 0.7088
305.3509 0.7152
305.4509 0.7213
305.5509 0.7273
305.6509 0.7330
305.7510 0.7386
305.8510 0.7439
305.9510 0.7490
306.0510 0.7539
306.1510 0.7586
306.2510 0.7631
306.3511 0.7675
306.4511 0.7717
306.5511 0.7757
306.6511 0.7795
306.7511 0.7831
306.8511 0.7867
306.9512 0.7900
307.0512 0.7932
307.1512 0.7963
307.2512 0.7992
307.3512 0.8020
307.4512 0.8046
307.5513 0.8071
307.6513 0.8095
307.7513 0.8117
307.8513 0.8139
307.9513 0.8159
308.0513 0.8178
308.1514 0.8196
308.2514 0.8213
308.3514 0.8229
308.4514 0.8243
308.5514 0.8257
308.6514 0.8270
308.7515 0.8281
308.8515 0.8292
308.9515 0.8302
309.0515 0.8311
309.1515 0.8319
309.2515 0.8326
309.3516 0.8332
309.4516 0.8337
309.5516 0.8341
309.6516 0.8345
309.7516 0.8347
309.8516 0.8349
309.9517 0.8350
310.0517 0.8350
310.1517 0.8349
310.2517 0.8347
310.3517 0.8345
310.4517 0.8341
310.5518 0.8337
310.6518 0.8331
310.7518 0.8325
310.8518 0.8318
310.9518 0.8310
311.0518 0.8302
311.1519 0.8292
311.2519 0.8281
311.3519 0.8269
311.4519 0.8257
311.5519 0.8243
311.6519 0.8228
311.7520 0.8212
311.8520 0.8195
311.9520 0.8177
312.0520 0.8158
312.1520 0.8138
312.2520 0.8117
312.3521 0.8094
312.4521 0.8070
312.5521 0.8045
312.6521 0.8019
312.7521 0.7991
312.8521 0.7962
312.9522 0.7931
313.0522 0.7899
313.1522 0.7865
313.2522 0.7830
313.3522 0.7794
313.4522 0.7755
313.5523 0.7715
313.6523 0.7673
313.7523 0.7630
313.8523 0.7585
313.9523 0.7537
314.0523 0.7488
314.1524 0.7437
314.2524 0.7384
314.3524 0.7328
314.4524 0.7271
314.5524 0.7211
314.6524 0.7150
314.7525 0.7085
314.8525 0.7019
314.9525 0.6950
315.0525 0.6879
315.1525 0.6805
315.2525 0.6728
315.3526 0.6649
315.4526 0.6567
315.5526 0.6483
315.6526 0.6396
315.7526 0.6306
315.8526 0.6213
315.9527 0.6117
316.0527 0.6019
316.1527 0.5917
316.2527 0.5813
316.3527 0.5706
316.4527 0.5595
316.5528 0.5482
316.6528 0.5365
316.7528 0.5246
316.8528 0.5123
316.9528 0.4998
317.0528 0.4869
317.1529 0.4738
317.2529 0.4603
317.3529 0.4466
317.4529 0.4325
317.5529 0.4182
317.6529 0.4036
317.7530 0.3887
317.8530 0.3735
317.9530 0.3581
318.0530 0.3424
318.1530 0.3264
318.2530 0.3103
318.3531 0.2938
318.4531 0.2772
318.5531 0.2603
318.6531 0.2433
318.7531 0.2260
318.8531 0.2086
318.9532 0.1909
319.0532 0.1732
319.1532 0.1553
319.2532 0.1372
319.3532 0.1191
319.4532 0.1008
319.5533 0.0825
319.6533 0.0641
319.7533 0.0457
319.8533 0.0272
319.9533 0.0086
320.0533 -0.0099
320.1534 -0.0284
320.2534 -0.0469
320.3534 -0.0653
320.4534 -0.0837
320.5534 -0.1021
320.6534 -0.1203
320.7535 -0.1384
320.8535 -0.1565
320.9535 -0.1744
321.0535 -0.1921
321.1535 -0.2097
321.2535 -0.2271
321.3536 -0.2444
321.4536 -0.2615
321.5536 -0.2783
321.6536 -0.2949
321.7536 -0.3113
321.8536 -0.3275
321.9537 -0.3434
322.0537 -0.3591
322.1537 -0.3745
322.2537 -0.3897
322.3537 -0.4046
322.4537 -0.4192
322.5538 -0.4335
322.6538 -0.4475
322.7538 -0.4612
322.8538 -0.4747
322.9538 -0.4878
323.0538 -0.5006
323.1539 -0.5132
323.2539 -0.5254
323.3539 -0.5373
323.4539 -0.5489
323.5539 -0.5603
323.6539 -0.5713
323.7540 -0.5820
323.8540 -0.5924
323.9540 -0.6026
324.0540 -0.6124
324.1540 -0.6219
324.2540 -0.6312
324.3541 -0.6402
324.4541 -0.6489
324.5541 -0.6573
324.6541 -0.6655
324.7541 -0.6733
324.8541 -0.6810
324.9542 -0.6883
325.0542 -0.6955
325.1542 -0.7023
325.2542 -0.7090
325.3542 -0.7154
325.4542 -0.7215
325.5543 -0.7275
325.6543 -0.7332
325.7543 -0.7387
325.8543 -0.7440
325.9543 -0.7491
326.0543 -0.7541
326.1544 -0.7588
326.2544 -0.7633
326.3544 -0.7676
326.4544 -0.7718
326.5544 -0.7758
326.6544 -0.7796
326.7545 -0.7833
326.8545 -0.7868
326.9545 -0.7901
327.0545 -0.7933
327.1545 -0.7964
327.2545 -0.7993
327.3546 -0.8020
327.4546 -0.8047
327.5546 -0.8072
327.6546 -0.8096
327.7546 -0.8118
327.8546 -0.8140
327.9547 -0.8160
328.0547 -0.8179
328.1547 -0.8197
328.2547 -0.8213
328.3547 -0.8229
328.4547 -0.8244
328.5548 -0.8257
328.6548 -0.8270
328.7548 -0.8282
328.8548 -0.8292
328.9548 -0.8302
329.0548 -0.8311
329.1549 -0.8319
329.2549 -0.8326
329.3549 -0.8332
329.4549 -0.8337
329.5549 -0.8341
329.6549 -0.8345
329.7550 -0.8347
329.8550 -0.8349
329.9550 -0.8350
330.0550 -0.8350
330.1550 -0.8349
330.2550 -0.8347
330.3551 -0.8344
330.4551 -0.8341
330.5551 -0.8337
330.6551 -0.8331
330.7551 -0.8325
330.8551 -0.8318
330.9552 -0.8310
331.0552 -0.8301
331.1552 -0.8291
331.2552 -0.8281
331.3552 -0.8269
331.4552 -0.8256
331.5553 -0.8242
331.6553 -0.8228
331.7553 -0.8212
331.8553 -0.8195
331.9553 -0.8177
332.0553 -0.8158
332.1554 -0.8137
332.2554 -0.8116
332.3554 -0.8093
332.4554 -0.8069
332.5554 -0.8044
332.6554 -0.8018
332.7555 -0.7990
332.8555 -0.7961
332.9555 -0.7930
333.0555 -0.7898
333.1555 -0.7864
333.2555 -0.7829
333.3556 -0.7792
333.4556 -0.7754
333.5556 -0.7714
333.6556 -0.7672
333.7556 -0.7628
333.8556 -0.7583
333.9557 -0.7536
334.0557 -0.7486
334.1557 -0.7435
334.2557 -0.7382
334.3557 -0.7327
334.4557 -0.7269
334.5558 -0.7209
334.6558 -0.7147
334.7558 -0.7083
334.8558 -0.7017
334.9558 -0.6948
335.0558 -0.6876
335.1559 -0.6802
335.2559 -0.6726
335.3559 -0.6646
335.4559 -0.6565
335.5559 -0.6480
335.6559 -0.6393
335.7560 -0.6303
335.8560 -0.6210
335.9560 -0.6114
336.0560 -0.6016
336.1560 -0.5914
336.2560 -0.5810
336.3561 -0.5702
336.4561 -0.5592
336.5561 -0.5478
336.6561 -0.5361
336.7561 -0.5242
336.8561 -0.5119
336.9562 -0.4994
337.0562 -0.4865
337.1562 -0.4733
337.2562 -0.4599
337.3562 -0.4461
337.4562 -0.4321
337.5563 -0.4177
337.6563 -0.4031
337.7563 -0.3882
337.8563 -0.3730
337.9563 -0.3576
338.0563 -0.3419
338.1564 -0.3259
338.2564 -0.3097
338.3564 -0.2933
338.4564 -0.2766
338.5564 -0.2598
338.6564 -0.2427
338.7565 -0.2254
338.8565 -0.2080
338.9565 -0.1904
339.0565 -0.1726
339.1565 -0.1547
339.2565 -0.1366
339.3566 -0.1185
339.4566 -0.1002
339.5566 -0.0819
339.6566 -0.0635
339.7566 -0.0450
339.8566 -0.0265
339.9567 -0.0080
340.0567 0.0105
340.1567 0.0290
340.2567 0.0475
340.3567 0.0660
340.4567 0.0843
340.5568 0.1027
340.6568 0.1209
340.7568 0.1390
340.8568 0.1571
340.9568 0.1750
341.0568 0.1927
341.1569 0.2103
341.2569 0.2277
341.3569 0.2450
341.4569 0.2620
341.5569 0.2789
341.6569 0.2955
341.7570 0.3119
341.8570 0.3281
341.9570 0.3440
342.0570 0.3596
342.1570 0.3751
342.2570 0.3902
342.3571 0.4051
342.4571 0.4196
342.5571 0.4339
342.6571 0.4480
342.7571 0.4617
342.8571 0.4751
342.9572 0.4882
343.0572 0.5011
343.1572 0.5136
343.2572 0.5258
343.3572 0.5377
343.4572 0.5493
343.5573 0.5606
343.6573 0.5717
343.7573 0.5824
343.8573 0.5928
343.9573 0.6029
344.0573 0.6127
344.1574 0.6223
344.2574 0.6315
344.3574 0.6405
344.4574 0.6492
344.5574 0.6576
344.6574 0.6657
344.7575 0.6736
344.8575 0.6812
344.9575 0.6886
345.0575 0.6957
345.1575 0.7026
345.2575 0.7092
345.3576 0.7156
345.4576 0.7218
345.5576 0.7277
345.6576 0.7334
345.7576 0.7389
345.8576 0.7442
345.9577 0.7493
346.0577 0.7542
346.1577 0.7589
346.2577 0.7634
346.3577 0.7678
346.4577 0.7719
346.5578 0.7759
346.6578 0.7797
346.7578 0.7834
346.8578 0.7869
346.9578 0.7902
347.0578 0.7934
347.1579 0.7965
347.2579 0.7994
347.3579 0.8021
347.4579 0.8048
347.5579 0.8073
347.6579 0.8096
347.7580 0.8119
347.8580 0.8140
347.9580 0.8160
348.0580 0.8179
348.1580 0.8197
348.2580 0.8214
348.3581 0.8230
348.4581 0.8244
348.5581 0.8258
348.6581 0.8270
348.7581 0.8282
348.8581 0.8293
348.9582 0.8302
349.0582 0.8311
349.1582 0.8319
349.2582 0.8326
349.3582 0.8332
349.4582 0.8337
349.5583 0.8341
349.6583 0.8345
349.7583 0.8347
349.8583 0.8349
349.9583 0.8350
350.0583 0.8350
350.1584 0.8349
350.2584 0.8347
350.3584 0.8344
350.4584 0.8341
350.5584 0.8336
350.6584 0.8331
350.7585 0.8325
350.8585 0.8318
350.9585 0.8310
351.0585 0.8301
351.1585 0.8291
351.2585 0.8280
351.3586 0.8268
351.4586 0.8256
351.5586 0.8242
351.6586 0.8227
351.7586 0.8211
351.8586 0.8194
351.9587 0.8176
352.0587 0.8157
352.1587 0.8137
352.2587 0.8115
352.3587 0.8093
352.4587 0.8069
352.5588 0.8043
352.6588 0.8017
352.7588 0.7989
352.8588 0.7960
352.9588 0.7929
353.0588 0.7897
353.1589 0.7863
353.2589 0.7828
353.3589 0.7791
353.4589 0.7753
353.5589 0.7712
353.6589 0.7671
353.7590 0.7627
353.8590 0.7581
353.9590 0.7534
354.0590 0.7485
354.1590 0.7433
354.2590 0.7380
354.3591 0.7325
354.4591 0.7267
354.5591 0.7207
354.6591 0.7145
354.7591 0.7081
354.8591 0.7014
354.9592 0.6945
355.0592 0.6874
355.1592 0.6800
355.2592 0.6723
355.3592 0.6644
355.4592 0.6562
355.5593 0.6477
355.6593 0.6390
355.7593 0.6300
355.8593 0.6207
355.9593 0.6111
356.0593 0.6012
356.1594 0.5911
356.2594 0.5806
356.3594 0.5698
356.4594 0.5588
356.5594 0.5474
356.6594 0.5358
356.7595 0.5238
356.8595 0.5115
356.9595 0.4989
357.0595 0.4861
357.1595 0.4729
357.2595 0.4594
357.3596 0.4456
357.4596 0.4316
357.5596 0.4172
357.6596 0.4026
357.7596 0.3877
357.8596 0.3725
357.9597 0.3570
358.0597 0.3413
358.1597 0.3254
358.2597 0.3092
358.3597 0.2927
358.4597 0.2761
358.5598 0.2592
358.6598 0.2421
358.7598 0.2248
358.8598 0.2074
358.9598 0.1898
359.0598 0.1720
359.1599 0.1541
359.2599 0.1360
359.3599 0.1179
359.4599 0.0996
359.5599 0.0813
359.6599 0.0629
359.7600 0.0444
359.8600 0.0259
359.9600 0.0074
360.0600 -0.0111
360.1600 -0.0296
360.2600 -0.0481
360.3601 -0.0666
360.4601 -0.0850
360.5601 -0.1033
360.6601 -0.1215
360.7601 -0.1396
360.8601 -0.1577
360.9602 -0.1756
361.0602 -0.1933
361.1602 -0.2109
361.2602 -0.2283
361.3602 -0.2455
361.4602 -0.2626
361.5603 -0.2794
361.6603 -0.2960
361.7603 -0.3124
361.8603 -0.3286
361.9603 -0.3445
362.0603 -0.3602
362.1604 -0.3756
362.2604 -0.3907
362.3604 -0.4055
362.4604 -0.4201
362.5604 -0.4344
362.6604 -0.4484
362.7605 -0.4621
362.8605 -0.4755
362.9605 -0.4887
363.0605 -0.5015
363.1605 -0.5140
363.2605 -0.5262
363.3606 -0.5381
363.4606 -0.5497
363.5606 -0.5610
363.6606 -0.5720
363.7606 -0.5827
363.8606 -0.5931
363.9607 -0.6032
364.0607 -0.6130
364.1607 -0.6226
364.2607 -0.6318
364.3607 -0.6408
364.4607 -0.6494
364.5608 -0.6579
364.6608 -0.6660
364.7608 -0.6739
364.8608 -0.6815
364.9608 -0.6888
365.0608 -0.6959
365.1609 -0.7028
365.2609 -0.7094
365.3609 -0.7158
365.4609 -0.7220
365.5609 -0.7279
365.6609 -0.7336
365.7610 -0.7391
365.8610 -0.7444
365.9610 -0.7495
366.0610 -0.7544
366.1610 -0.7591
366.2610 -0.7636
366.3611 -0.7679
366.4611 -0.7721
366.5611 -0.7760
366.6611 -0.7799
366.7611 -0.7835
366.8611 -0.7870
366.9612 -0.7903
367.0612 -0.7935
367.1612 -0.7966
367.2612 -0.7995
367.3612 -0.8022
367.4612 -0.8049
367.5613 -0.8073
367.6613 -0.8097
367.7613 -0.8120
367.8613 -0.8141
367.9613 -0.8161
368.0613 -0.8180
368.1614 -0.8198
368.2614 -0.8214
368.3614 -0.8230
368.4614 -0.8245
368.5614 -0.8258
368.6614 -0.8271
368.7615 -0.8282
368.8615 -0.8293
368.9615 -0.8303
369.0615 -0.8312
369.1615 -0.8319
369.2615 -0.8326
369.3616 -0.8332
369.4616 -0.8337
369.5616 -0.8342
369.6616 -0.8345
369.7616 -0.8347
369.8616 -0.8349
369.9617 -0.8350
370.0617 -0.8350
370.1617 -0.8349
370.2617 -0.8347
370.3617 -0.8344
370.4617 -0.8341
370.5618 -0.8336
370.6618 -0.8331
370.7618 -0.8325
370.8618 -0.8318
370.9618 -0.8310
371.0618 -0.8301
371.1619 -0.8291
371.2619 -0.8280
371.3619 -0.8268
371.4619 -0.8255
371.5619 -0.8241
371.6619 -0.8227
371.7620 -0.8211
371.8620 -0.8194
371.9620 -0.8176
372.0620 -0.8156
372.1620 -0.8136
372.2620 -0.8115
372.3621 -0.8092
372.4621 -0.8068
372.5621 -0.8042
372.6621 -0.8016
372.7621 -0.7988
372.8621 -0.7959
372.9622 -0.7928
373.0622 -0.7896
373.1622 -0.7862
373.2622 -0.7827
373.3622 -0.7790
373.4622 -0.7751
373.5623 -0.7711
373.6623 -0.7669
373.7623 -0.7625
373.8623 -0.7580
373.9623 -0.7532
374.0623 -0.7483
374.1624 -0.7432
374.2624 -0.7378
374.3624 -0.7323
374.4624 -0.7265
374.5624 -0.7205
374.6624 -0.7143
374.7625 -0.7079
374.8625 -0.7012
374.9625 -0.6943
375.0625 -0.6871
375.1625 -0.6797
375.2625 -0.6720
375.3626 -0.6641
375.4626 -0.6559
375.5626 -0.6474
375.6626 -0.6387
375.7626 -0.6297
375.8626 -0.6204
375.9627 -0.6108
376.0627 -0.6009
376.1627 -0.5907
376.2627 -0.5802
376.3627 -0.5695
376.4627 -0.5584
376.5628 -0.5470
376.6628 -0.5354
376.7628 -0.5234
376.8628 -0.5111
376.9628 -0.4985
377.0628 -0.4856
377.1629 -0.4724
377.2629 -0.4590
377.3629 -0.4452
377.4629 -0.4311
377.5629 -0.4168
377.6629 -0.4021
377.7630 -0.3872
377.8630 -0.3720
377.9630 -0.3565
378.0630 -0.3408
378.1630 -0.3248
378.2630 -0.3086
378.3631 -0.2922
378.4631 -0.2755
378.5631 -0.2586
378.6631 -0.2415
378.7631 -0.2243
378.8631 -0.2068
378.9632 -0.1892
379.0632 -0.1714
379.1632 -0.1535
379.2632 -0.1354
379.3632 -0.1173
379.4632 -0.0990
379.5633 -0.0807
379.6633 -0.0623
379.7633 -0.0438
379.8633 -0.0253
379.9633 -0.0068
380.0633 0.0117
380.1634 0.0302
380.2634 0.0487
380.3634 0.0672
380.4634 0.0856
380.5634 0.1039
380.6634 0.1221
380.7635 0.1403
380.8635 0.1583
380.9635 0.1761
381.0635 0.1939
381.1635 0.2115
381.2635 0.2289
381.3636 0.2461
381.4636 0.2631
381.5636 0.2800
381.6636 0.2966
381.7636 0.3130
381.8636 0.3291
381.9637 0.3450
382.0637 0.3607
382.1637 0.3761
382.2637 0.3912
382.3637 0.4060
382.4637 0.4206
382.5638 0.4349
382.6638 0.4489
382.7638 0.4626
382.8638 0.4760
382.9638 0.4891
383.0638 0.5019
383.1639 0.5144
383.2639 0.5266
383.3639 0.5385
383.4639 0.5501
383.5639 0.5614
383.6639 0.5724
383.7640 0.5831
383.8640 0.5935
383.9640 0.6036
384.0640 0.6134
384.1640 0.6229
384.2640 0.6321
384.3641 0.6411
384.4641 0.6497
384.5641 0.6581
384.6641 0.6663
384.7641 0.6741
384.8641 0.6817
384.9642 0.6891
385.0642 0.6962
385.1642 0.7030
385.2642 0.7096
385.3642 0.7160
385.4642 0.7222
385.5643 0.7281
385.6643 0.7338
385.7643 0.7393
385.8643 0.7446
385.9643 0.7496
386.0643 0.7545
386.1644 0.7592
386.2644 0.7637
386.3644 0.7681
386.4644 0.7722
386.5644 0.7762
386.6644 0.7800
386.7645 0.7836
386.8645 0.7871
386.9645 0.7904
387.0645 0.7936
387.1645 0.7967
387.2645 0.7996
387.3646 0.8023
387.4646 0.8049
387.5646 0.8074
387.6646 0.8098
387.7646 0.8120
387.8646 0.8142
387.9647 0.8162
388.0647 0.8181
388.1647 0.8198
388.2647 0.8215
388.3647 0.8231
388.4647 0.8245
388.5648 0.8259
388.6648 0.8271
388.7648 0.8283
388.8648 0.8293
388.9648 0.8303
389.0648 0.8312
389.1649 0.8320
389.2649 0.8326
389.3649 0.8332
389.4649 0.8338
389.5649 0.8342
389.6649 0.8345
389.7650 0.8348
389.8650 0.8349
389.9650 0.8350
390.0650 0.8350
390.1650 0.8349
390.2650 0.8347
390.3651 0.8344
390.4651 0.8341
390.5651 0.8336
390.6651 0.8331
390.7651 0.8324
390.8651 0.8317
390.9652 0.8309
391.0652 0.8300
391.1652 0.8290
391.2652 0.8279
391.3652 0.8268
391.4652 0.8255
391.5653 0.8241
391.6653 0.8226
391.7653 0.8210
391.8653 0.8193
391.9653 0.8175
392.0653 0.8156
392.1654 0.8135
392.2654 0.8114
392.3654 0.8091
392.4654 0.8067
392.5654 0.8042
392.6654 0.8015
392.7655 0.7987
392.8655 0.7958
392.9655 0.7927
393.0655 0.7895
393.1655 0.7861
393.2655 0.7826
393.3656 0.7789
393.4656 0.7750
393.5656 0.7710
393.6656 0.7668
393.7656 0.7624
393.8656 0.7578
393.9657 0.7531
394.0657 0.7481
394.1657 0.7430
394.2657 0.7377
394.3657 0.7321
394.4657 0.7263
394.5658 0.7203
394.6658 0.7141
394.7658 0.7077
394.8658 0.7010
394.9658 0.6941
395.0658 0.6869
395.1659 0.6795
395.2659 0.6718
395.3659 0.6638
395.4659 0.6556
395.5659 0.6472
395.6659 0.6384
395.7660 0.6294
395.8660 0.6201
395.9660 0.6105
396.0660 0.6006
396.1660 0.5904
396.2660 0.5799
396.3661 0.5691
396.4661 0.5580
396.5661 0.5466
396.6661 0.5350
396.7661 0.5230
396.8661 0.5107
396.9662 0.4981
397.0662 0.4852
397.1662 0.4720
397.2662 0.4585
397.3662 0.4447
397.4662 0.4306
397.5663 0.4163
397.6663 0.4016
397.7663 0.3867
397.8663 0.3715
397.9663 0.3560
398.0663 0.3403
398.1664 0.3243
398.2664 0.3081
398.3664 0.2916
398.4664 0.2749
398.5664 0.2581
398.6664 0.2410
398.7665 0.2237
398.8665 0.2062
398.9665 0.1886
399.0665 0.1708
399.1665 0.1529
399.2665 0.1348
399.3666 0.1167
399.4666 0.0984
399.5666 0.0801
399.6666 0.0617
399.7666 0.0432
399.8666 0.0247
399.9667 0.0062
400.0667 -0.0123
400.1667 -0.0309
400.2667 -0.0493
400.3667 -0.0678
400.4667 -0.0862
400.5668 -0.1045
400.6668 -0.1227
400.7668 -0.1409
400.8668 -0.1589
400.9668 -0.1767
401.0668 -0.1945
401.1669 -0.2121
401.2669 -0.2295
401.3669 -0.2467
401.4669 -0.2637
401.5669 -0.2805
401.6669 -0.2971
401.7670 -0.3135
401.8670 -0.3297
401.9670 -0.3456
402.0670 -0.3612
402.1670 -0.3766
402.2670 -0.3917
402.3671 -0.4065
402.4671 -0.4211
402.5671 -0.4354
402.6671 -0.4493
402.7671 -0.4630
402.8671 -0.4764
402.9672 -0.4895
403.0672 -0.5023
403.1672 -0.5148
403.2672 -0.5270
403.3672 -0.5389
403.4672 -0.5505
403.5673 -0.5618
403.6673 -0.5727
403.7673 -0.5834
403.8673 -0.5938
403.9673 -0.6039
404.0673 -0.6137
404.1674 -0.6232
404.2674 -0.6324
404.3674 -0.6414
404.4674 -0.6500
404.5674 -0.6584
404.6674 -0.6665
404.7675 -0.6744
404.8675 -0.6820
404.9675 -0.6893
405.0675 -0.6964
405.1675 -0.7032
405.2675 -0.7098
405.3676 -0.7162
405.4676 -0.7224
405.5676 -0.7283
405.6676 -0.7340
405.7676 -0.7395
405.8676 -0.7447
405.9677 -0.7498
406.0677 -0.7547
406.1677 -0.7594
406.2677 -0.7639
406.3677 -0.7682
406.4677 -0.7723
406.5678 -0.7763
406.6678 -0.7801
406.7678 -0.7837
406.8678 -0.7872
406.9678 -0.7906
407.0678 -0.7937
407.1679 -0.7968
407.2679 -0.7997
407.3679 -0.8024
407.4679 -0.8050
407.5679 -0.8075
407.6679 -0.8099
407.7680 -0.8121
407.8680 -0.8142
407.9680 -0.8162
408.0680 -0.8181
408.1680 -0.8199
408.2680 -0.8216
408.3681 -0.8231
408.4681 -0.8246
408.5681 -0.8259
408.6681 -0.8272
408.7681 -0.8283
408.8681 -0.8294
408.9682 -0.8303
409.0682 -0.8312
409.1682 -0.8320
409.2682 -0.8327
409.3682 -0.8333
409.4682 -0.8338
409.5683 -0.8342
409.6683 -0.8345
409.7683 -0.8348
409.8683 -0.8349
409.9683 -0.8350
410.0683 -0.8350
410.1684 -0.8349
410.2684 -0.8347
410.3684 -0.8344
410.4684 -0.8340
410.5684 -0.8336
410.6684 -0.8331
410.7685 -0.8324
410.8685 -0.8317
410.9685 -0.8309
411.0685 -0.8300
411.1685 -0.8290
411.2685 -0.8279
411.3686 -0.8267
411.4686 -0.8254
411.5686 -0.8240
411.6686 -0.8225
411.7686 -0.8210
411.8686 -0.8192
411.9687 -0.8174
412.0687 -0.8155
412.1687 -0.8135
412.2687 -0.8113
412.3687 -0.8090
412.4687 -0.8066
412.5688 -0.8041
412.6688 -0.8014
412.7688 -0.7986
412.8688 -0.7957
412.9688 -0.7926
413.0688 -0.7894
413.1689 -0.7860
413.2689 -0.7824
413.3689 -0.7787
413.4689 -0.7749
413.5689 -0.7708
413.6689 -0.7666
413.7690 -0.7622
413.8690 -0.7577
413.9690 -0.7529
414.0690 -0.7480
414.1690 -0.7428
414.2690 -0.7375
414.3691 -0.7319
414.4691 -0.7261
414.5691 -0.7201
414.6691 -0.7139
414.7691 -0.7074
414.8691 -0.7008
414.9692 -0.6938
415.0692 -0.6866
415.1692 -0.6792
415.2692 -0.6715
415.3692 -0.6636
415.4692 -0.6554
415.5693 -0.6469
415.6693 -0.6381
415.7693 -0.6291
415.8693 -0.6197
415.9693 -0.6101
416.0693 -0.6002
416.1694 -0.5900
416.2694 -0.5795
416.3694 -0.5687
416.4694 -0.5577
416.5694 -0.5463
416.6694 -0.5346
416.7695 -0.5226
416.8695 -0.5103
416.9695 -0.4977
417.0695 -0.4848
417.1695 -0.4716
417.2695 -0.4581
417.3696 -0.4443
417.4696 -0.4302
417.5696 -0.4158
417.6696 -0.4011
417.7696 -0.3862
417.8696 -0.3710
417.9697 -0.3555
418.0697 -0.3398
418.1697 -0.3238
418.2697 -0.3075
418.3697 -0.2911
418.4697 -0.2744
418.5698 -0.2575
418.6698 -0.2404
418.7698 -0.2231
418.8698 -0.2056
418.9698 -0.1880
419.0698 -0.1702
419.1699 -0.1523
419.2699 -0.1342
419.3699 -0.1161
419.4699 -0.0978
419.5699 -0.0794
419.6699 -0.0610
419.7700 -0.0426
419.8700 -0.0241
419.9700 -0.0056
420.0700 0.0130
420.1700 0.0315
420.2700 0.0500
420.3701 0.0684
420.4701 0.0868
420.5701 0.1051
420.6701 0.1233
420.7701 0.1415
420.8701 0.1595
420.9702 0.1773
421.0702 0.1951
421.1702 0.2126
421.2702 0.2300
421.3702 0.2473
421.4702 0.2643
421.5703 0.2811
421.6703 0.2977
421.7703 0.3141
421.8703 0.3302
421.9703 0.3461
422.0703 0.3617
422.1704 0.3771
422.2704 0.3922
422.3704 0.4070
422.4704 0.4216
422.5704 0.4358
422.6704 0.4498
422.7705 0.4635
422.8705 0.4769
422.9705 0.4900
423.0705 0.5027
423.1705 0.5152
423.2705 0.5274
423.3706 0.5393
423.4706 0.5509
423.5706 0.5621
423.6706 0.5731
423.7706 0.5838
423.8706 0.5941
423.9707 0.6042
424.0707 0.6140
424.1707 0.6235
424.2707 0.6327
424.3707 0.6416
424.4707 0.6503
424.5708 0.6587
424.6708 0.6668
424.7708 0.6746
424.8708 0.6822
424.9708 0.6895
425.0708 0.6966
425.1709 0.7035
425.2709 0.7101
425.3709 0.7164
425.4709 0.7226
425.5709 0.7285
425.6709 0.7342
425.7710 0.7396
425.8710 0.7449
425.9710 0.7500
426.0710 0.7548
426.1710 0.7595
426.2710 0.7640
426.3711 0.7683
426.4711 0.7725
426.5711 0.7764
426.6711 0.7802
426.7711 0.7839
426.8711 0.7873
426.9712 0.7907
427.0712 0.7938
427.1712 0.7969
427.2712 0.7997
427.3712 0.8025
427.4712 0.8051
427.5713 0.8076
427.6713 0.8099
427.7713 0.8122
427.8713 0.8143
427.9713 0.8163
428.0713 0.8182
428.1714 0.8199
428.2714 0.8216
428.3714 0.8232
428.4714 0.8246
428.5714 0.8260
428.6714 0.8272
428.7715 0.8284
428.8715 0.8294
428.9715 0.8304
429.0715 0.8312
429.1715 0.8320
429.2715 0.8327
429.3716 0.8333
429.4716 0.8338
429.5716 0.8342
429.6716 0.8345
429.7716 0.8348
429.8716 0.8349
429.9717 0.8350
430.0717 0.8350
430.1717 0.8349
430.2717 0.8347
430.3717 0.8344
430.4717 0.8340
430.5718 0.8336
430.6718 0.8330
430.7718 0.8324
430.8718 0.8317
430.9718 0.8309
431.0718 0.8300
431.1719 0.8290
431.2719 0.8279
431.3719 0.8267
431.4719 0.8254
431.5719 0.8240
431.6719 0.8225
431.7720 0.8209
431.8720 0.8192
431.9720 0.8174
432.0720 0.8154
432.1720 0.8134
432.2720 0.8112
432.3721 0.8089
432.4721 0.8065
432.5721 0.8040
432.6721 0.8013
432.7721 0.7985
432.8721 0.7956
432.9722 0.7925
433.0722 0.7892
433.1722 0.7859
433.2722 0.7823
433.3722 0.7786
433.4722 0.7747
433.5723 0.7707
433.6723 0.7665
433.7723 0.7621
433.8723 0.7575
433.9723 0.7528
434.0723 0.7478
434.1724 0.7426
434.2724 0.7373
434.3724 0.7317
434.4724 0.7259
434.5724 0.7199
434.6724 0.7137
434.7725 0.7072
434.8725 0.7005
434.9725 0.6936
435.0725 0.6864
435.1725 0.6790
435.2725 0.6713
435.3726 0.6633
435.4726 0.6551
435.5726 0.6466
435.6726 0.6378
435.7726 0.6288
435.8726 0.6194
435.9727 0.6098
436.0727 0.5999
436.1727 0.5897
436.2727 0.5792
436.3727 0.5684
436.4727 0.5573
436.5728 0.5459
436.6728 0.5342
436.7728 0.5222
436.8728 0.5099
436.9728 0.4972
437.0728 0.4843
437.1729 0.4711
437.2729 0.4576
437.3729 0.4438
437.4729 0.4297
437.5729 0.4153
437.6729 0.4006
437.7730 0.3857
437.8730 0.3705
437.9730 0.3550
438.0730 0.3392
438.1730 0.3232
438.2730 0.3070
438.3731 0.2905
438.4731 0.2738
438.5731 0.2569
438.6731 0.2398
438.7731 0.2225
438.8731 0.2050
438.9732 0.1874
439.0732 0.1696
439.1732 0.1517
439.2732 0.1336
439.3732 0.1154
439.4732 0.0972
439.5733 0.0788
439.6733 0.0604
439.7733 0.0420
439.8733 0.0235
439.9733 0.0049
440.0733 -0.0136
440.1734 -0.0321
440.2734 -0.0506
440.3734 -0.0690
440.4734 -0.0874
440.5734 -0.1057
440.6734 -0.1239
440.7735 -0.1421
440.8735 -0.1601
440.9735 -0.1779
441.0735 -0.1957
441.1735 -0.2132
441.2735 -0.2306
441.3736 -0.2478
441.4736 -0.2648
441.5736 -0.2816
441.6736 -0.2982
441.7736 -0.3146
441.8736 -0.3307
441.9737 -0.3466
442.0737 -0.3622
442.1737 -0.3776
442.2737 -0.3927
442.3737 -0.4075
442.4737 -0.4220
442.5738 -0.4363
442.6738 -0.4503
442.7738 -0.4639
442.8738 -0.4773
442.9738 -0.4904
443.0738 -0.5032
443.1739 -0.5156
443.2739 -0.5278
443.3739 -0.5397
443.4739 -0.5512
443.5739 -0.5625
443.6739 -0.5735
443.7740 -0.5841
443.8740 -0.5945
443.9740 -0.6046
444.0740 -0.6143
444.1740 -0.6238
444.2740 -0.6330
444.3741 -0.6419
444.4741 -0.6506
444.5741 -0.6590
444.6741 -0.6671
444.7741 -0.6749
444.8741 -0.6825
444.9742 -0.6898
445.0742 -0.6969
445.1742 -0.7037
445.2742 -0.7103
445.3742 -0.7166
445.4742 -0.7228
445.5743 -0.7287
445.6743 -0.7343
445.7743 -0.7398
445.8743 -0.7451
445.9743 -0.7501
446.0743 -0.7550
446.1744 -0.7597
446.2744 -0.7642
446.3744 -0.7685
446.4744 -0.7726
446.5744 -0.7766
446.6744 -0.7804
446.7745 -0.7840
446.8745 -0.7875
446.9745 -0.7908
447.0745 -0.7939
447.1745 -0.7970
447.2745 -0.7998
447.3746 -0.8026
447.4746 -0.8052
447.5746 -0.8077
447.6746 -0.8100
447.7746 -0.8123
447.8746 -0.8144
447.9747 -0.8164
448.0747 -0.8182
448.1747 -0.8200
448.2747 -0.8217
448.3747 -0.8232
448.4747 -0.8247
448.5748 -0.8260
448.6748 -0.8272
448.7748 -0.8284
448.8748 -0.8294
448.9748 -0.8304
449.0748 -0.8313
449.1749 -0.8320
449.2749 -0.8327
449.3749 -0.8333
449.4749 -0.8338
449.5749 -0.8342
449.6749 -0.8345
449.7750 -0.8348
449.8750 -0.8349
449.9750 -0.8350
450.0750 -0.8350
450.1750 -0.8349
450.2750 -0.8347
450.3751 -0.8344
450.4751 -0.8340
450.5751 -0.8336
450.6751 -0.8330
450.7751 -0.8324
450.8751 -0.8317
450.9752 -0.8308
451.0752 -0.8299
451.1752 -0.8289
451.2752 -0.8278
451.3752 -0.8266
451.4752 -0.8253
451.5753 -0.8239
451.6753 -0.8224
451.7753 -0.8208
451.8753 -0.8191
451.9753 -0.8173
452.0753 -0.8154
452.1754 -0.8133
452.2754 -0.8112
452.3754 -0.8089
452.4754 -0.8064
452.5754 -0.8039
452.6754 -0.8012
452.7755 -0.7984
452.8755 -0.7955
452.9755 -0.7924
453.0755 -0.7891
453.1755 -0.7857
453.2755 -0.7822
453.3756 -0.7785
453.4756 -0.7746
453.5756 -0.7706
453.6756 -0.7663
453.7756 -0.7619
453.8756 -0.7574
453.9757 -0.7526
454.0757 -0.7476
454.1757 -0.7425
454.2757 -0.7371
454.3757 -0.7315
454.4757 -0.7257
454.5758 -0.7197
454.6758 -0.7135
454.7758 -0.7070
454.8758 -0.7003
454.9758 -0.6934
455.0758 -0.6862
455.1759 -0.6787
455.2759 -0.6710
455.3759 -0.6630
455.4759 -0.6548
455.5759 -0.6463
455.6759 -0.6375
455.7760 -0.6285
455.8760 -0.6191
455.9760 -0.6095
456.0760 -0.5996
456.1760 -0.5893
456.2760 -0.5788
456.3761 -0.5680
456.4761 -0.5569
456.5761 -0.5455
456.6761 -0.5338
456.7761 -0.5218
456.8761 -0.5094
456.9762 -0.4968
457.0762 -0.4839
457.1762 -0.4707
457.2762 -0.4571
457.3762 -0.4433
457.4762 -0.4292
457.5763 -0.4148
457.6763 -0.4001
457.7763 -0.3852
457.8763 -0.3699
457.9763 -0.3544
458.0763 -0.3387
458.1764 -0.3227
458.2764 -0.3064
458.3764 -0.2900
458.4764 -0.2733
458.5764 -0.2564
458.6764 -0.2392
458.7765 -0.2219
458.8765 -0.2045
458.9765 -0.1868
459.0765 -0.1690
459.1765 -0.1511
459.2765 -0.1330
459.3766 -0.1148
459.4766 -0.0966
459.5766 -0.0782
459.6766 -0.0598
459.7766 -0.0413
459.8766 -0.0228
459.9767 -0.0043
460.0767 0.0142
460.1767 0.0327
460.2767 0.0512
460.3767 0.0696
460.4767 0.0880
460.5768 0.1063
460.6768 0.1245
460.7768 0.1427
460.8768 0.1607
460.9768 0.1785
461.0768 0.1962
461.1769 0.2138
461.2769 0.2312
461.3769 0.2484
461.4769 0.2654
461.5769 0.2822
461.6769 0.2988
461.7770 0.3151
461.8770 0.3313
461.9770 0.3471
462.0770 0.3627
462.1770 0.3781
462.2770 0.3932
462.3771 0.4080
462.4771 0.4225
462.5771 0.4368
462.6771 0.4507
462.7771 0.4644
462.8771 0.4778
462.9772 0.4908
463.0772 0.5036
463.1772 0.5160
463.2772 0.5282
463.3772 0.5401
463.4772 0.5516
463.5773 0.5629
463.6773 0.5738
463.7773 0.5845
463.8773 0.5948
463.9773 0.6049
464.0773 0.6146
464.1774 0.6241
464.2774 0.6333
464.3774 0.6422
464.4774 0.6509
464.5774 0.6592
464.6774 0.6673
464.7775 0.6751
464.8775 0.6827
464.9775 0.6900
465.0775 0.6971
465.1775 0.7039
465.2775 0.7105
465.3776 0.7168
465.4776 0.7230
465.5776 0.7289
465.6776 0.7345
465.7776 0.7400
465.8776 0.7453
465.9777 0.7503
466.0777 0.7552
466.1777 0.7598
466.2777 0.7643
466.3777 0.7686
466.4777 0.7727
466.5778 0.7767
466.6778 0.7805
466.7778 0.7841
466.8778 0.7876
466.9778 0.7909
467.0778 0.7940
467.1779 0.7971
467.2779 0.7999
467.3779 0.8027
467.4779 0.8053
467.5779 0.8078
467.6779 0.8101
467.7780 0.8123
467.8780 0.8144
467.9780 0.8164
468.0780 0.8183
468.1780 0.8201
468.2780 0.8217
468.3781 0.8233
468.4781 0.8247
468.5781 0.8260
468.6781 0.8273
468.7781 0.8284
468.8781 0.8295
468.9782 0.8304
469.0782 0.8313
469.1782 0.8321
469.2782 0.8327
469.3782 0.8333
469.4782 0.8338
469.5783 0.8342
469.6783 0.8345
469.7783 0.8348
469.8783 0.8349
469.9783 0.8350
470.0783 0.8350
470.1784 0.8349
470.2784 0.8347
470.3784 0.8344
470.4784 0.8340
470.5784 0.8335
470.6784 0.8330
470.7785 0.8324
470.8785 0.8316
470.9785 0.8308
471.0785 0.8299
471.1785 0.8289
471.2785 0.8278
471.3786 0.8266
471.4786 0.8253
471.5786 0.8239
471.6786 0.8224
471.7786 0.8208
471.8786 0.8191
471.9787 0.8172
472.0787 0.8153
472.1787 0.8133
472.2787 0.8111
472.3787 0.8088
472.4787 0.8064
472.5788 0.8038
472.6788 0.8011
472.7788 0.7983
472.8788 0.7954
472.9788 0.7923
473.0788 0.7890
473.1789 0.7856
473.2789 0.7821
473.3789 0.7784
473.4789 0.7745
473.5789 0.7704
473.6789 0.7662
473.7790 0.7618
473.8790 0.7572
473.9790 0.7524
474.0790 0.7475
474.1790 0.7423
474.2790 0.7369
474.3791 0.7313
474.4791 0.7255
474.5791 0.7195
474.6791 0.7133
474.7791 0.7068
474.8791 0.7001
474.9792 0.6931
475.0792 0.6859
475.1792 0.6785
475.2792 0.6707
475.3792 0.6628
475.4792 0.6545
475.5793 0.6460
475.6793 0.6372
475.7793 0.6281
475.8793 0.6188
475.9793 0.6091
476.0793 0.5992
476.1794 0.5890
476.2794 0.5785
476.3794 0.5677
476.4794 0.5565
476.5794 0.5451
476.6794 0.5334
476.7795 0.5214
476.8795 0.5090
476.9795 0.4964
477.0795 0.4835
477.1795 0.4702
477.2795 0.4567
477.3796 0.4429
477.4796 0.4287
477.5796 0.4143
477.6796 0.3996
477.7796 0.3847
477.8796 0.3694
477.9797 0.3539
478.0797 0.3382
478.1797 0.3222
478.2797 0.3059
478.3797 0.2894
478.4797 0.2727
478.5798 0.2558
478.6798 0.2387
478.7798 0.2214
478.8798 0.2039
478.9798 0.1862
479.0798 0.1684
479.1799 0.1505
479.2799 0.1324
479.3799 0.1142
479.4799 0.0960
479.5799 0.0776
479.6799 0.0592
479.7800 0.0407
479.8800 0.0222
479.9800 0.0037
480.0800 -0.0148
480.1800 -0.0333
480.2800 -0.0518
480.3801 -0.0703
480.4801 -0.0886
480.5801 -0.1069
480.6801 -0.1252
480.7801 -0.1433
480.8801 -0.1613
480.9802 -0.1791
481.0802 -0.1968
481.1802 -0.2144
481.2802 -0.2318
481.3802 -0.2490
481.4802 -0.2660
481.5803 -0.2828
481.6803 -0.2993
481.7803 -0.3157
481.8803 -0.3318
481.9803 -0.3477
482.0803 -0.3633
482.1804 -0.3786
482.2804 -0.3937
482.3804 -0.4085
482.4804 -0.4230
482.5804 -0.4372
482.6804 -0.4512
482.7805 -0.4648
482.8805 -0.4782
482.9805 -0.4913
483.0805 -0.5040
483.1805 -0.5165
483.2805 -0.5286
483.3806 -0.5405
483.4806 -0.5520
483.5806 -0.5632
483.6806 -0.5742
483.7806 -0.5848
483.8806 -0.5952
483.9807 -0.6052
484.0807 -0.6150
484.1807 -0.6244
484.2807 -0.6336
484.3807 -0.6425
484.4807 -0.6511
484.5808 -0.6595
484.6808 -0.6676
484.7808 -0.6754
484.8808 -0.6830
484.9808 -0.6903
485.0808 -0.6973
485.1809 -0.7041
485.2809 -0.7107
485.3809 -0.7170
485.4809 -0.7232
485.5809 -0.7290
485.6809 -0.7347
485.7810 -0.7402
485.8810 -0.7454
485.9810 -0.7505
486.0810 -0.7553
486.1810 -0.7600
486.2810 -0.7645
486.3811 -0.7688
486.4811 -0.7729
486.5811 -0.7768
486.6811 -0.7806
486.7811 -0.7842
486.8811 -0.7877
486.9812 -0.7910
487.0812 -0.7941
487.1812 -0.7972
487.2812 -0.8000
487.3812 -0.8028
487.4812 -0.8054
487.5813 -0.8078
487.6813 -0.8102
487.7813 -0.8124
487.8813 -0.8145
487.9813 -0.8165
488.0813 -0.8184
488.1814 -0.8201
488.2814 -0.8218
488.3814 -0.8233
488.4814 -0.8247
488.5814 -0.8261
488.6814 -0.8273
488.7815 -0.8285
488.8815 -0.8295
488.9815 -0.8305
489.0815 -0.8313
489.1815 -0.8321
489.2815 -0.8328
489.3816 -0.8333
489.4816 -0.8338
489.5816 -0.8342
489.6816 -0.8346
489.7816 -0.8348
489.8816 -0.8349
489.9817 -0.8350
490.0817 -0.8350
490.1817 -0.8348
490.2817 -0.8346
490.3817 -0.8344
490.4817 -0.8340
490.5818 -0.8335
490.6818 -0.8330
490.7818 -0.8323
490.8818 -0.8316
490.9818 -0.8308
491.0818 -0.8299
491.1819 -0.8289
491.2819 -0.8278
491.3819 -0.8266
491.4819 -0.8253
491.5819 -0.8238
491.6819 -0.8223
491.7820 -0.8207
491.8820 -0.8190
491.9820 -0.8172
492.0820 -0.8152
492.1820 -0.8132
492.2820 -0.8110
492.3821 -0.8087
492.4821 -0.8063
492.5821 -0.8037
492.6821 -0.8010
492.7821 -0.7982
492.8821 -0.7953
492.9822 -0.7922
493.0822 -0.7889
493.1822 -0.7855
493.2822 -0.7819
493.3822 -0.7782
493.4822 -0.7743
493.5823 -0.7703
493.6823 -0.7661
493.7823 -0.7616
493.8823 -0.7571
493.9823 -0.7523
494.0823 -0.7473
494.1824 -0.7421
494.2824 -0.7367
494.3824 -0.7311
494.4824 -0.7253
494.5824 -0.7193
494.6824 -0.7131
494.7825 -0.7066
494.8825 -0.6998
494.9825 -0.6929
495.0825 -0.6857
495.1825 -0.6782
495.2825 -0.6705
495.3826 -0.6625
495.4826 -0.6542
495.5826 -0.6457
495.6826 -0.6369
495.7826 -0.6278
495.8826 -0.6185
495.9827 -0.6088
496.0827 -0.5989
496.1827 -0.5886
496.2827 -0.5781
496.3827 -0.5673
496.4827 -0.5562
496.5828 -0.5447
496.6828 -0.5330
496.7828 -0.5209
496.8828 -0.5086
496.9828 -0.4960
497.0828 -0.4830
497.1829 -0.4698
497.2829 -0.4562
497.3829 -0.4424
497.4829 -0.4283
497.5829 -0.4138
497.6829 -0.3991
497.7830 -0.3842
497.8830 -0.3689
497.9830 -0.3534
498.0830 -0.3376
498.1830 -0.3216
498.2830 -0.3054
498.3831 -0.2889
498.4831 -0.2721
498.5831 -0.2552
498.6831 -0.2381
498.7831 -0.2208
498.8831 -0.2033
498.9832 -0.1856
499.0832 -0.1678
499.1832 -0.1499
499.2832 -0.1318
499.3832 -0.1136
499.4832 -0.0954
499.5833 -0.0770
499.6833 -0.0586
499.7833 -0.0401
499.8833 -0.0216
499.9833 -0.0031
500.0833 0.0154
500.1834 0.0339
500.2834 0.0524
500.3834 0.0709
500.4834 0.0892
500.5834 0.1075
500.6834 0.1258
500.7835 0.1439
500.8835 0.1619
500.9835 0.1797
501.0835 0.1974
501.1835 0.2150
501.2835 0.2323
501.3836 0.2495
501.4836 0.2665
501.5836 0.2833
501.6836 0.2999
501.7836 0.3162
501.8836 0.3323
501.9837 0.3482
502.0837 0.3638
502.1837 0.3791
502.2837 0.3942
502.3837 0.4090
502.4837 0.4235
502.5838 0.4377
502.6838 0.4516
502.7838 0.4653
502.8838 0.4786
502.9838 0.4917
503.0838 0.5044
503.1839 0.5169
503.2839 0.5290
503.3839 0.5408
503.4839 0.5524
503.5839 0.5636
503.6839 0.5745
503.7840 0.5852
503.8840 0.5955
503.9840 0.6055
504.0840 0.6153
504.1840 0.6247
504.2840 0.6339
504.3841 0.6428
504.4841 0.6514
504.5841 0.6598
504.6841 0.6678
504.7841 0.6757
504.8841 0.6832
504.9842 0.6905
505.0842 0.6976
505.1842 0.7044
505.2842 0.7109
505.3842 0.7173
505.4842 0.7234
505.5843 0.7292
505.6843 0.7349
505.7843 0.7404
505.8843 0.7456
505.9843 0.7506
506.0843 0.7555
506.1844 0.7601
506.2844 0.7646
506.3844 0.7689
506.4844 0.7730
506.5844 0.7770
506.6844 0.7807
506.7845 0.7843
506.8845 0.7878
506.9845 0.7911
507.0845 0.7942
507.1845 0.7973
507.2845 0.8001
507.3846 0.8028
507.4846 0.8054
507.5846 0.8079
507.6846 0.8103
507.7846 0.8125
507.8846 0.8146
507.9847 0.8165
508.0847 0.8184
508.1847 0.8202
508.2847 0.8218
508.3847 0.8234
508.4847 0.8248
508.5848 0.8261
508.6848 0.8274
508.7848 0.8285
508.8848 0.8295
508.9848 0.8305
509.0848 0.8313
509.1849 0.8321
509.2849 0.8328
509.3849 0.8334
509.4849 0.8338
509.5849 0.8342
509.6849 0.8346
509.7850 0.8348
509.8850 0.8349
509.9850 0.8350
510.0850 0.8350
510.1850 0.8348
510.2850 0.8346
510.3851 0.8344
510.4851 0.8340
510.5851 0.8335
510.6851 0.8330
510.7851 0.8323
510.8851 0.8316
510.9852 0.8308
511.0852 0.8298
511.1852 0.8288
511.2852 0.8277
511.3852 0.8265
511.4852 0.8252
511.5853 0.8238
511.6853 0.8223
511.7853 0.8207
511.8853 0.8190
511.9853 0.8171
512.0853 0.8152
512.1854 0.8131
512.2854 0.8109
512.3854 0.8086
512.4854 0.8062
512.5854 0.8036
512.6854 0.8010
512.7855 0.7981
512.8855 0.7952
512.9855 0.7921
513.0855 0.7888
513.1855 0.7854
513.2855 0.7818
513.3856 0.7781
513.4856 0.7742
513.5856 0.7701
513.6856 0.7659
513.7856 0.7615
513.8856 0.7569
513.9857 0.7521
514.0857 0.7471
514.1857 0.7419
514.2857 0.7366
514.3857 0.7310
514.4857 0.7251
514.5858 0.7191
514.6858 0.7128
514.7858 0.7064
514.8858 0.6996
514.9858 0.6926
515.0858 0.6854
515.1859 0.6779
515.2859 0.6702
515.3859 0.6622
515.4859 0.6540
515.5859 0.6454
515.6859 0.6366
515.7860 0.6275
515.8860 0.6182
515.9860 0.6085
516.0860 0.5985
516.1860 0.5883
516.2860 0.5778
516.3861 0.5669
516.4861 0.5558
516.5861 0.5443
516.6861 0.5326
516.7861 0.5205
516.8861 0.5082
516.9862 0.4955
517.0862 0.4826
517.1862 0.4693
517.2862 0.4558
517.3862 0.4419
517.4862 0.4278
517.5863 0.4134
517.6863 0.3986
517.7863 0.3837
517.8863 0.3684
517.9863 0.3529
518.0863 0.3371
518.1864 0.3211
518.2864 0.3048
518.3864 0.2883
518.4864 0.2716
518.5864 0.2547
518.6864 0.2375
518.7865 0.2202
518.8865 0.2027
518.9865 0.1850
519.0865 0.1672
519.1865 0.1493
519.2865 0.1312
519.3866 0.1130
519.4866 0.0947
519.5866 0.0764
519.6866 0.0580
519.7866 0.0395
519.8866 0.0210
519.9867 0.0025
520.0867 -0.0161
520.1867 -0.0346
520.2867 -0.0530
520.3867 -0.0715
520.4867 -0.0899
520.5868 -0.1082
520.6868 -0.1264
520.7868 -0.1445
520.8868 -0.1625
520.9868 -0.1803
521.0868 -0.1980
521.1869 -0.2155
521.2869 -0.2329
521.3869 -0.2501
521.4869 -0.2671
521.5869 -0.2839
521.6869 -0.3004
521.7870 -0.3168
521.8870 -0.3329
521.9870 -0.3487
522.0870 -0.3643
522.1870 -0.3796
522.2870 -0.3947
522.3871 -0.4095
522.4871 -0.4240
522.5871 -0.4382
522.6871 -0.4521
522.7871 -0.4657
522.8871 -0.4791
522.9872 -0.4921
523.0872 -0.5048
523.1872 -0.5173
523.2872 -0.5294
523.3872 -0.5412
523.4872 -0.5528
523.5873 -0.5640
523.6873 -0.5749
523.7873 -0.5855
523.8873 -0.5958
523.9873 -0.6059
524.0873 -0.6156
524.1874 -0.6251
524.2874 -0.6342
524.3874 -0.6431
524.4874 -0.6517
524.5874 -0.6600
524.6874 -0.6681
524.7875 -0.6759
524.8875 -0.6835
524.9875 -0.6907
525.0875 -0.6978
525.1875 -0.7046
525.2875 -0.7111
525.3876 -0.7175
525.4876 -0.7236
525.5876 -0.7294
525.6876 -0.7351
525.7876 -0.7405
525.8876 -0.7458
525.9877 -0.7508
526.0877 -0.7556
526.1877 -0.7603
526.2877 -0.7648
526.3877 -0.7690
526.4877 -0.7731
526.5878 -0.7771
526.6878 -0.7808
526.7878 -0.7845
526.8878 -0.7879
526.9878 -0.7912
527.0878 -0.7943
527.1879 -0.7973
527.2879 -0.8002
527.3879 -0.8029
527.4879 -0.8055
527.5879 -0.8080
527.6879 -0.8103
527.7880 -0.8125
527.8880 -0.8146
527.9880 -0.8166
528.0880 -0.8185
528.1880 -0.8202
528.2880 -0.8219
528.3881 -0.8234
528.4881 -0.8248
528.5881 -0.8262
528.6881 -0.8274
528.7881 -0.8285
528.8881 -0.8296
528.9882 -0.8305
529.0882 -0.8314
529.1882 -0.8321
529.2882 -0.8328
529.3882 -0.8334
529.4882 -0.8339
529.5883 -0.8343
529.6883 -0.8346
529.7883 -0.8348
529.8883 -0.8349
529.9883 -0.8350
530.0883 -0.8350
530.1884 -0.8348
530.2884 -0.8346
530.3884 -0.8343
530.4884 -0.8340
530.5884 -0.8335
530.6884 -0.8329
530.7885 -0.8323
530.8885 -0.8316
530.9885 -0.8307
531.0885 -0.8298
531.1885 -0.8288
531.2885 -0.8277
531.3886 -0.8265
531.4886 -0.8252
531.5886 -0.8238
531.6886 -0.8222
531.7886 -0.8206
531.8886 -0.8189
531.9887 -0.8171
532.0887 -0.8151
532.1887 -0.8130
532.2887 -0.8109
532.3887 -0.8085
532.4887 -0.8061
532.5888 -0.8036
532.6888 -0.8009
532.7888 -0.7980
532.8888 -0.7951
532.9888 -0.7919
533.0888 -0.7887
533.1889 -0.7853
533.2889 -0.7817
533.3889 -0.7780
533.4889 -0.7741
533.5889 -0.7700
533.6889 -0.7658
533.7890 -0.7613
533.8890 -0.7567
533.9890 -0.7519
534.0890 -0.7470
534.1890 -0.7418
534.2890 -0.7364
534.3891 -0.7308
534.4891 -0.7249
534.5891 -0.7189
534.6891 -0.7126
534.7891 -0.7061
534.8891 -0.6994
534.9892 -0.6924
535.0892 -0.6852
535.1892 -0.6777
535.2892 -0.6700
535.3892 -0.6620
535.4892 -0.6537
535.5893 -0.6451
535.6893 -0.6363
535.7893 -0.6272
535.8893 -0.6178
535.9893 -0.6082
536.0893 -0.5982
536.1894 -0.5880
536.2894 -0.5774
536.3894 -0.5666
536.4894 -0.5554
536.5894 -0.5439
536.6894 -0.5322
536.7895 -0.5201
536.8895 -0.5078
536.9895 -0.4951
537.0895 -0.4821
537.1895 -0.4689
537.2895 -0.4553
537.3896 -0.4415
537.4896 -0.4273
537.5896 -0.4129
537.6896 -0.3982
537.7896 -0.3832
537.8896 -0.3679
537.9897 -0.3524
538.0897 -0.3366
538.1897 -0.3205
538.2897 -0.3043
538.3897 -0.2878
538.4897 -0.2710
538.5898 -0.2541
538.6898 -0.2369
538.7898 -0.2196
538.8898 -0.2021
538.9898 -0.1844
539.0898 -0.1666
539.1899 -0.1487
539.2899 -0.1306
539.3899 -0.1124
539.4899 -0.0941
539.5899 -0.0758
539.6899 -0.0573
539.7900 -0.0389
539.8900 -0.0204
539.9900 -0.0019
540.0900 0.0167
540.1900 0.0352
540.2900 0.0537
540.3901 0.0721
540.4901 0.0905
540.5901 0.1088
540.6901 0.1270
540.7901 0.1451
540.8901 0.1630
540.9902 0.1809
541.0902 0.1986
541.1902 0.2161
541.2902 0.2335
541.3902 0.2507
541.4902 0.2677
541.5903 0.2844
541.6903 0.3010
541.7903 0.3173
541.8903 0.3334
541.9903 0.3492
542.0903 0.3648
542.1904 0.3801
542.2904 0.3952
542.3904 0.4100
542.4904 0.4244
542.5904 0.4387
542.6904 0.4526
542.7905 0.4662
542.8905 0.4795
542.9905 0.4925
543.0905 0.5053
543.1905 0.5177
543.2905 0.5298
543.3906 0.5416
543.4906 0.5531
543.5906 0.5643
543.6906 0.5753
543.7906 0.5859
543.8906 0.5962
543.9907 0.6062
544.0907 0.6159
544.1907 0.6254
544.2907 0.6345
544.3907 0.6434
544.4907 0.6520
544.5908 0.6603
544.6908 0.6684
544.7908 0.6762
544.8908 0.6837
544.9908 0.6910
545.0908 0.6980
545.1909 0.7048
545.2909 0.7114
545.3909 0.7177
545.4909 0.7238
545.5909 0.7296
545.6909 0.7353
545.7910 0.7407
545.8910 0.7459
545.9910 0.7510
546.0910 0.7558
546.1910 0.7604
546.2910 0.7649
546.3911 0.7692
546.4911 0.7733
546.5911 0.7772
546.6911 0.7810
546.7911 0.7846
546.8911 0.7880
546.9912 0.7913
547.0912 0.7944
547.1912 0.7974
547.2912 0.8003
547.3912 0.8030
547.4912 0.8056
547.5913 0.8081
547.6913 0.8104
547.7913 0.8126
547.8913 0.8147
547.9913 0.8167
548.0913 0.8185
548.1914 0.8203
548.2914 0.8219
548.3914 0.8235
548.4914 0.8249
548.5914 0.8262
548.6914 0.8274
548.7915 0.8286
548.8915 0.8296
548.9915 0.8305
549.0915 0.8314
549.1915 0.8321
549.2915 0.8328
549.3916 0.8334
549.4916 0.8339
549.5916 0.8343
549.6916 0.8346
549.7916 0.8348
549.8916 0.8349
549.9917 0.8350
550.0917 0.8350
550.1917 0.8348
550.2917 0.8346
550.3917 0.8343
550.4917 0.8339
550.5918 0.8335
550.6918 0.8329
550.7918 0.8323
550.8918 0.8315
550.9918 0.8307
551.0918 0.8298
551.1919 0.8288
551.2919 0.8276
551.3919 0.8264
551.4919 0.8251
551.5919 0.8237
551.6919 0.8222
551.7920 0.8206
551.8920 0.8188
551.9920 0.8170
552.0920 0.8150
552.1920 0.8130
552.2920 0.8108
552.3921 0.8085
552.4921 0.8060
552.5921 0.8035
552.6921 0.8008
552.7921 0.7979
552.8921 0.7950
552.9922 0.7918
553.0922 0.7886
553.1922 0.7852
553.2922 0.7816
553.3922 0.7778
553.4922 0.7739
553.5923 0.7699
553.6923 0.7656
553.7923 0.7612
553.8923 0.7566
553.9923 0.7518
554.0923 0.7468
554.1924 0.7416
554.2924 0.7362
554.3924 0.7306
554.4924 0.7247
554.5924 0.7187
554.6924 0.7124
554.7925 0.7059
554.8925 0.6992
554.9925 0.6922
555.0925 0.6849
555.1925 0.6774
555.2925 0.6697
555.3926 0.6617
555.4926 0.6534
555.5926 0.6448
555.6926 0.6360
555.7926 0.6269
555.8926 0.6175
555.9927 0.6078
556.0927 0.5979
556.1927 0.5876
556.2927 0.5770
556.3927 0.5662
556.4927 0.5550
556.5928 0.5436
556.6928 0.5318
556.7928 0.5197
556.8928 0.5074
556.9928 0.4947
557.0928 0.4817
557.1929 0.4684
557.2929 0.4549
557.3929 0.4410
557.4929 0.4268
557.5929 0.4124
557.6929 0.3977
557.7930 0.3827
557.8930 0.3674
557.9930 0.3518
558.0930 0.3360
558.1930 0.3200
558.2930 0.3037
558.3931 0.2872
558.4931 0.2705
558.5931 0.2535
558.6931 0.2364
558.7931 0.2190
558.8931 0.2015
558.9932 0.1839
559.0932 0.1660
559.1932 0.1481
559.2932 0.1300
559.3932 0.1118
559.4932 0.0935
559.5933 0.0752
559.6933 0.0567
559.7933 0.0383
559.8933 0.0198
559.9933 0.0012
560.0933 -0.0173
560.1934 -0.0358
560.2934 -0.0543
560.3934 -0.0727
560.4934 -0.0911
560.5934 -0.1094
560.6934 -0.1276
560.7935 -0.1457
560.8935 -0.1636
560.9935 -0.1815
561.0935 -0.1992
561.1935 -0.2167
561.2935 -0.2341
561.3936 -0.2512
561.4936 -0.2682
561.5936 -0.2850
561.6936 -0.3015
561.7936 -0.3178
561.8936 -0.3339
561.9937 -0.3497
562.0937 -0.3653
562.1937 -0.3806
562.2937 -0.3957
562.3937 -0.4104
562.4937 -0.4249
562.5938 -0.4391
562.6938 -0.4530
562.7938 -0.4666
562.8938 -0.4800
562.9938 -0.4930
563.0938 -0.5057
563.1939 -0.5181
563.2939 -0.5302
563.3939 -0.5420
563.4939 -0.5535
563.5939 -0.5647
563.6939 -0.5756
563.7940 -0.5862
563.8940 -0.5965
563.9940 -0.6065
564.0940 -0.6162
564.1940 -0.6257
564.2940 -0.6348
564.3941 -0.6437
564.4941 -0.6523
564.5941 -0.6606
564.6941 -0.6686
564.7941 -0.6764
564.8941 -0.6839
564.9942 -0.6912
565.0942 -0.6982
565.1942 -0.7050
565.2942 -0.7116
565.3942 -0.7179
565.4942 -0.7240
565.5943 -0.7298
565.6943 -0.7355
565.7943 -0.7409
565.8943 -0.7461
565.9943 -0.7511
566.0943 -0.7560
566.1944 -0.7606
566.2944 -0.7650
566.3944 -0.7693
566.4944 -0.7734
566.5944 -0.7773
566.6944 -0.7811
566.7945 -0.7847
566.8945 -0.7881
566.9945 -0.7914
567.0945 -0.7946
567.1945 -0.7975
567.2945 -0.8004
567.3946 -0.8031
567.4946 -0.8057
567.5946 -0.8082
567.6946 -0.8105
567.7946 -0.8127
567.8946 -0.8148
567.9947 -0.8167
568.0947 -0.8186
568.1947 -0.8203
568.2947 -0.8220
568.3947 -0.8235
568.4947 -0.8249
568.5948 -0.8263
568.6948 -0.8275
568.7948 -0.8286
568.8948 -0.8296
568.9948 -0.8306
569.0948 -0.8314
569.1949 -0.8322
569.2949 -0.8328
569.3949 -0.8334
569.4949 -0.8339
569.5949 -0.8343
569.6949 -0.8346
569.7950 -0.8348
569.8950 -0.8349
569.9950 -0.8350
570.0950 -0.8350
570.1950 -0.8348
570.2950 -0.8346
570.3951 -0.8343
570.4951 -0.8339
570.5951 -0.8335
570.6951 -0.8329
570.7951 -0.8322
570.8951 -0.8315
570.9952 -0.8307
571.0952 -0.8297
571.1952 -0.8287
571.2952 -0.8276
571.3952 -0.8264
571.4952 -0.8251
571.5953 -0.8237
571.6953 -0.8221
571.7953 -0.8205
571.8953 -0.8188
571.9953 -0.8169
572.0953 -0.8150
572.1954 -0.8129
572.2954 -0.8107
572.3954 -0.8084
572.4954 -0.8059
572.5954 -0.8034
572.6954 -0.8007
572.7955 -0.7978
572.8955 -0.7949
572.9955 -0.7917
573.0955 -0.7885
573.1955 -0.7850
573.2955 -0.7815
573.3956 -0.7777
573.4956 -0.7738
573.5956 -0.7697
573.6956 -0.7655
573.7956 -0.7610
573.8956 -0.7564
573.9957 -0.7516
574.0957 -0.7466
574.1957 -0.7414
574.2957 -0.7360
574.3957 -0.7304
574.4957 -0.7245
574.5958 -0.7185
574.6958 -0.7122
574.7958 -0.7057
574.8958 -0.6989
574.9958 -0.6919
575.0958 -0.6847
575.1959 -0.6772
575.2959 -0.6694
575.3959 -0.6614
575.4959 -0.6531
575.5959 -0.6446
575.6959 -0.6357
575.7960 -0.6266
575.8960 -0.6172
575.9960 -0.6075
576.0960 -0.5975
576.1960 -0.5873
576.2960 -0.5767
576.3961 -0.5658
576.4961 -0.5546
576.5961 -0.5432
576.6961 -0.5314
576.7961 -0.5193
576.8961 -0.5069
576.9962 -0.4943
577.0962 -0.4813
577.1962 -0.4680
577.2962 -0.4544
577.3962 -0.4405
577.4962 -0.4264
577.5963 -0.4119
577.6963 -0.3972
577.7963 -0.3822
577.8963 -0.3669
577.9963 -0.3513
578.0963 -0.3355
578.1964 -0.3195
578.2964 -0.3032
578.3964 -0.2866
578.4964 -0.2699
578.5964 -0.2529
578.6964 -0.2358
578.7965 -0.2185
578.8965 -0.2009
578.9965 -0.1833
579.0965 -0.1654
579.1965 -0.1475
579.2965 -0.1294
579.3966 -0.1112
579.4966 -0.0929
579.5966 -0.0745
579.6966 -0.0561
579.7966 -0.0376
579.8966 -0.0191
579.9967 -0.0006
580.0967 0.0179
580.1967 0.0364
580.2967 0.0549
580.3967 0.0733
580.4967 0.0917
580.5968 0.1100
580.6968 0.1282
580.7968 0.1463
580.8968 0.1642
580.9968 0.1821
581.0968 0.1998
581.1969 0.2173
581.2969 0.2346
581.3969 0.2518
581.4969 0.2688
581.5969 0.2855
581.6969 0.3021
581.7970 0.3184
581.8970 0.3345
581.9970 0.3503
582.0970 0.3658
582.1970 0.3811
582.2970 0.3962
582.3971 0.4109
582.4971 0.4254
582.5971 0.4396
582.6971 0.4535
582.7971 0.4671
582.8971 0.4804
582.9972 0.4934
583.0972 0.5061
583.1972 0.5185
583.2972 0.5306
583.3972 0.5424
583.4972 0.5539
583.5973 0.5651
583.6973 0.5760
583.7973 0.5866
583.8973 0.5969
583.9973 0.6069
584.0973 0.6166
584.1974 0.6260
584.2974 0.6351
584.3974 0.6440
584.4974 0.6526
584.5974 0.6609
584.6974 0.6689
584.7975 0.6767
584.8975 0.6842
584.9975 0.6915
585.0975 0.6985
585.1975 0.7052
585.2975 0.7118
585.3976 0.7181
585.4976 0.7242
585.5976 0.7300
585.6976 0.7356
585.7976 0.7411
585.8976 0.7463
585.9977 0.7513
586.0977 0.7561
586.1977 0.7607
586.2977 0.7652
586.3977 0.7695
586.4977 0.7735
586.5978 0.7775
586.6978 0.7812
586.7978 0.7848
586.8978 0.7882
586.9978 0.7915
587.0978 0.7947
587.1979 0.7976
587.2979 0.8005
587.3979 0.8032
587.4979 0.8058
587.5979 0.8082
587.6979 0.8106
587.7980 0.8128
587.8980 0.8148
587.9980 0.8168
588.0980 0.8187
588.1980 0.8204
588.2980 0.8220
588.3981 0.8236
588.4981 0.8250
588.5981 0.8263
588.6981 0.8275
588.7981 0.8286
588.8981 0.8297
588.9982 0.8306
589.0982 0.8314
589.1982 0.8322
589.2982 0.8329
589.3982 0.8334
589.4982 0.8339
589.5983 0.8343
589.6983 0.8346
589.7983 0.8348
589.8983 0.8349
589.9983 0.8350
590.0983 0.8350
590.1984 0.8348
590.2984 0.8346
590.3984 0.8343
590.4984 0.8339
590.5984 0.8334
590.6984 0.8329
590.7985 0.8322
590.8985 0.8315
590.9985 0.8306
591.0985 0.8297
591.1985 0.8287
591.2985 0.8276
591.3986 0.8263
591.4986 0.8250
591.5986 0.8236
591.6986 0.8221
591.7986 0.8205
591.8986 0.8187
591.9987 0.8169
592.0987 0.8149
592.1987 0.8128
592.2987 0.8106
592.3987 0.8083
592.4987 0.8059
592.5988 0.8033
592.6988 0.8006
592.7988 0.7977
592.8988 0.7948
592.9988 0.7916
593.0988 0.7884
593.1989 0.7849
593.2989 0.7813
593.3989 0.7776
593.4989 0.7737
593.5989 0.7696
593.6989 0.7653
593.7990 0.7609
593.8990 0.7563
593.9990 0.7515
594.0990 0.7464
594.1990 0.7412
594.2990 0.7358
594.3991 0.7302
594.4991 0.7244
594.5991 0.7183
594.6991 0.7120
594.7991 0.7055
594.8991 0.6987
594.9992 0.6917
595.0992 0.6844
595.1992 0.6769
595.2992 0.6692
595.3992 0.6611
595.4992 0.6528
595.5993 0.6443
595.6993 0.6354
595.7993 0.6263
595.8993 0.6169
595.9993 0.6072
596.0993 0.5972
596.1994 0.5869
596.2994 0.5763
596.3994 0.5655
596.4994 0.5543
596.5994 0.5428
596.6994 0.5310
596.7995 0.5189
596.8995 0.5065
596.9995 0.4938
597.0995 0.4808
597.1995 0.4675
597.2995 0.4539
597.3996 0.4401
597.4996 0.4259
597.5996 0.4114
597.6996 0.3967
597.7996 0.3816
597.8996 0.3664
597.9997 0.3508
598.0997 0.3350
598.1997 0.3189
598.2997 0.3026
598.3997 0.2861
598.4997 0.2693
598.5998 0.2524
598.6998 0.2352
598.7998 0.2179
598.8998 0.2004
598.9998 0.1827
599.0998 0.1648
599.1999 0.1469
599.2999 0.1288
599.3999 0.1106
599.4999 0.0923
599.5999 0.0739
599.6999 0.0555
599.8000 0.0370
599.9000 0.0185
600.0000 0.0000
