0.0000 0.0000
0.0017 0.0000
0.0033 0.0000
0.0050 0.0000
0.0067 0.0001
0.0083 0.0001
0.0100 0.0001
0.0117 0.0001
0.0133 0.0002
0.0150 0.0002
0.0167 0.0003
0.0183 0.0003
0.0200 0.0005
0.0217 0.0007
0.0233 0.0016
0.0250 0.6413
0.0267 0.0017
0.0283 0.0008
0.0300 0.0006
0.0317 0.0004
0.0333 0.0004
0.0350 0.0003
0.0367 0.0003
0.0383 0.0002
0.0400 0.0002
0.0417 0.0002
0.0433 0.0002
0.0450 0.0002
0.0467 0.0001
0.0483 0.0001
0.0500 0.0001
0.0517 0.0001
0.0533 0.0001
0.0550 0.0001
0.0567 0.0001
0.0583 0.0001
0.0600 0.0001
0.0617 0.0001
0.0633 0.0000
0.0650 0.0000
0.0667 0.0000
0.0683 0.0000
0.0700 0.0000
0.0717 0.0001
0.0733 0.0003
0.0750 0.0553
0.0767 0.0005
0.0783 0.0003
0.0800 0.0002
0.0817 0.0002
0.0833 0.0002
0.0850 0.0001
0.0867 0.0001
0.0883 0.0001
0.0900 0.0001
0.0917 0.0001
0.0933 0.0001
0.0950 0.0001
0.0967 0.0001
0.0983 0.0001
0.1000 0.0001
0.1017 0.0001
0.1033 0.0001
0.1050 0.0001
0.1067 0.0001
0.1083 0.0001
0.1100 0.0001
0.1117 0.0001
0.1133 0.0001
0.1150 0.0001
0.1167 0.0001
0.1183 0.0001
0.1200 0.0000
0.1217 0.0000
0.1233 0.0000
0.1250 0.0047
0.1267 0.0001
0.1283 0.0001
0.1300 0.0001
0.1317 0.0001
0.1333 0.0001
0.1350 0.0001
0.1367 0.0001
0.1383 0.0001
0.1400 0.0001
0.1417 0.0001
0.1433 0.0001
0.1450 0.0001
0.1467 0.0001
0.1483 0.0001
0.1500 0.0001
0.1517 0.0001
0.1533 0.0001
0.1550 0.0001
0.1567 0.0000
0.1583 0.0000
0.1600 0.0000
0.1617 0.0000
0.1633 0.0000
0.1650 0.0000
0.1667 0.0000
0.1683 0.0000
0.1700 0.0000
0.1717 0.0000
0.1733 0.0000
0.1750 0.0003
0.1767 0.0000
0.1783 0.0000
0.1800 0.0000
0.1817 0.0000
0.1833 0.0000
0.1850 0.0000
0.1867 0.0000
0.1883 0.0000
0.1900 0.0000
0.1917 0.0000
0.1933 0.0000
0.1950 0.0000
0.1967 0.0000
0.1983 0.0000
0.2000 0.0000
0.2017 0.0000
0.2033 0.0000
0.2050 0.0000
0.2067 0.0000
0.2083 0.0000
0.2100 0.0000
0.2117 0.0000
0.2133 0.0000
0.2150 0.0000
0.2167 0.0000
0.2183 0.0000
0.2200 0.0000
0.2217 0.0000
0.2233 0.0000
0.2250 0.0000
0.2267 0.0000
0.2283 0.0000
0.2300 0.0000
0.2317 0.0000
0.2333 0.0000
0.2350 0.0000
0.2367 0.0000
0.2383 0.0000
0.2400 0.0000
0.2417 0.0000
0.2433 0.0000
0.2450 0.0000
0.2467 0.0000
0.2483 0.0000
0.2500 0.0000
0.2517 0.0000
0.2533 0.0000
0.2550 0.0000
0.2567 0.0000
0.2583 0.0000
0.2600 0.0000
0.2617 0.0000
0.2633 0.0000
0.2650 0.0000
0.2667 0.0000
0.2683 0.0000
0.2700 0.0000
0.2717 0.0000
0.2733 0.0000
0.2750 0.0000
0.2767 0.0000
0.2783 0.0000
0.2800 0.0000
0.2817 0.0000
0.2833 0.0000
0.2850 0.0000
0.2867 0.0000
0.2883 0.0000
0.2900 0.0000
0.2917 0.0000
0.2933 0.0000
0.2950 0.0000
0.2967 0.0000
0.2983 0.0000
0.3000 0.0000
0.3017 0.0000
0.3033 0.0000
0.3050 0.0000
0.3067 0.0000
0.3083 0.0000
0.3100 0.0000
0.3117 0.0000
0.3133 0.0000
0.3150 0.0000
0.3167 0.0000
0.3183 0.0000
0.3200 0.0000
0.3217 0.0000
0.3233 0.0000
0.3250 0.0000
0.3267 0.0000
0.3283 0.0000
0.3300 0.0000
0.3317 0.0000
0.3333 0.0000
0.3350 0.0000
0.3367 0.0000
0.3383 0.0000
0.3400 0.0000
0.3417 0.0000
0.3433 0.0000
0.3450 0.0000
0.3467 0.0000
0.3483 0.0000
0.3500 0.0000
0.3517 0.0000
0.3533 0.0000
0.3550 0.0000
0.3567 0.0000
0.3583 0.0000
0.3600 0.0000
0.3617 0.0000
0.3633 0.0000
0.3650 0.0000
0.3667 0.0000
0.3683 0.0000
0.3700 0.0000
0.3717 0.0000
0.3733 0.0000
0.3750 0.0000
0.3767 0.0000
0.3783 0.0000
0.3800 0.0000
0.3817 0.0000
0.3833 0.0000
0.3850 0.0000
0.3867 0.0000
0.3883 0.0000
0.3900 0.0000
0.3917 0.0000
0.3933 0.0000
0.3950 0.0000
0.3967 0.0000
0.3983 0.0000
0.4000 0.0000
0.4017 0.0000
0.4033 0.0000
0.4050 0.0000
0.4067 0.0000
0.4083 0.0000
0.4100 0.0000
0.4117 0.0000
0.4133 0.0000
0.4150 0.0000
0.4167 0.0000
0.4183 0.0000
0.4200 0.0000
0.4217 0.0000
0.4233 0.0000
0.4250 0.0000
0.4267 0.0000
0.4283 0.0000
0.4300 0.0000
0.4317 0.0000
0.4333 0.0000
0.4350 0.0000
0.4367 0.0000
0.4383 0.0000
0.4400 0.0000
0.4417 0.0000
0.4433 0.0000
0.4450 0.0000
0.4467 0.0000
0.4483 0.0000
0.4500 0.0000
0.4517 0.0000
0.4533 0.0000
0.4550 0.0000
0.4567 0.0000
0.4583 0.0000
0.4600 0.0000
0.4617 0.0000
0.4633 0.0000
0.4650 0.0000
0.4667 0.0000
0.4683 0.0000
0.4700 0.0000
0.4717 0.0000
0.4733 0.0000
0.4750 0.0000
0.4767 0.0000
0.4783 0.0000
0.4800 0.0000
0.4817 0.0000
0.4833 0.0000
0.4850 0.0000
0.4867 0.0000
0.4883 0.0000
0.4900 0.0000
0.4917 0.0000
0.4933 0.0000
0.4950 0.0000
0.4967 0.0000
0.4983 0.0000
0.5000 0.0000
0.5017 0.0000
0.5033 0.0000
0.5050 0.0000
0.5067 0.0000
0.5083 0.0000
0.5100 0.0000
0.5117 0.0000
0.5133 0.0000
0.5150 0.0000
0.5167 0.0000
0.5183 0.0000
0.5200 0.0000
0.5217 0.0000
0.5233 0.0000
0.5250 0.0000
0.5267 0.0000
0.5283 0.0000
0.5300 0.0000
0.5317 0.0000
0.5333 0.0000
0.5350 0.0000
0.5367 0.0000
0.5383 0.0000
0.5400 0.0000
0.5417 0.0000
0.5433 0.0000
0.5450 0.0000
0.5467 0.0000
0.5483 0.0000
0.5500 0.0000
0.5517 0.0000
0.5533 0.0000
0.5550 0.0000
0.5567 0.0000
0.5583 0.0000
0.5600 0.0000
0.5617 0.0000
0.5633 0.0000
0.5650 0.0000
0.5667 0.0000
0.5683 0.0000
0.5700 0.0000
0.5717 0.0000
0.5733 0.0000
0.5750 0.0000
0.5767 0.0000
0.5783 0.0000
0.5800 0.0000
0.5817 0.0000
0.5833 0.0000
0.5850 0.0000
0.5867 0.0000
0.5883 0.0000
0.5900 0.0000
0.5917 0.0000
0.5933 0.0000
0.5950 0.0000
0.5967 0.0000
0.5983 0.0000
0.6000 0.0000
0.6017 0.0000
0.6033 0.0000
0.6050 0.0000
0.6067 0.0000
0.6083 0.0000
0.6100 0.0000
0.6117 0.0000
0.6133 0.0000
0.6150 0.0000
0.6167 0.0000
0.6183 0.0000
0.6200 0.0000
0.6217 0.0000
0.6233 0.0000
0.6250 0.0000
0.6267 0.0000
0.6283 0.0000
0.6300 0.0000
0.6317 0.0000
0.6333 0.0000
0.6350 0.0000
0.6367 0.0000
0.6383 0.0000
0.6400 0.0000
0.6417 0.0000
0.6433 0.0000
0.6450 0.0000
0.6467 0.0000
0.6483 0.0000
0.6500 0.0000
0.6517 0.0000
0.6533 0.0000
0.6550 0.0000
0.6567 0.0000
0.6583 0.0000
0.6600 0.0000
0.6617 0.0000
0.6633 0.0000
0.6650 0.0000
0.6667 0.0000
0.6683 0.0000
0.6700 0.0000
0.6717 0.0000
0.6733 0.0000
0.6750 0.0000
0.6767 0.0000
0.6783 0.0000
0.6800 0.0000
0.6817 0.0000
0.6833 0.0000
0.6850 0.0000
0.6867 0.0000
0.6883 0.0000
0.6900 0.0000
0.6917 0.0000
0.6933 0.0000
0.6950 0.0000
0.6967 0.0000
0.6983 0.0000
0.7000 0.0000
0.7017 0.0000
0.7033 0.0000
0.7050 0.0000
0.7067 0.0000
0.7083 0.0000
0.7100 0.0000
0.7117 0.0000
0.7133 0.0000
0.7150 0.0000
0.7167 0.0000
0.7183 0.0000
0.7200 0.0000
0.7217 0.0000
0.7233 0.0000
0.7250 0.0000
0.7267 0.0000
0.7283 0.0000
0.7300 0.0000
0.7317 0.0000
0.7333 0.0000
0.7350 0.0000
0.7367 0.0000
0.7383 0.0000
0.7400 0.0000
0.7417 0.0000
0.7433 0.0000
0.7450 0.0000
0.7467 0.0000
0.7483 0.0000
0.7500 0.0000
0.7517 0.0000
0.7533 0.0000
0.7550 0.0000
0.7567 0.0000
0.7583 0.0000
0.7600 0.0000
0.7617 0.0000
0.7633 0.0000
0.7650 0.0000
0.7667 0.0000
0.7683 0.0000
0.7700 0.0000
0.7717 0.0000
0.7733 0.0000
0.7750 0.0000
0.7767 0.0000
0.7783 0.0000
0.7800 0.0000
0.7817 0.0000
0.7833 0.0000
0.7850 0.0000
0.7867 0.0000
0.7883 0.0000
0.7900 0.0000
0.7917 0.0000
0.7933 0.0000
0.7950 0.0000
0.7967 0.0000
0.7983 0.0000
0.8000 0.0000
0.8017 0.0000
0.8033 0.0000
0.8050 0.0000
0.8067 0.0000
0.8083 0.0000
0.8100 0.0000
0.8117 0.0000
0.8133 0.0000
0.8150 0.0000
0.8167 0.0000
0.8183 0.0000
0.8200 0.0000
0.8217 0.0000
0.8233 0.0000
0.8250 0.0000
0.8267 0.0000
0.8283 0.0000
0.8300 0.0000
0.8317 0.0000
0.8333 0.0000
0.8350 0.0000
0.8367 0.0000
0.8383 0.0000
0.8400 0.0000
0.8417 0.0000
0.8433 0.0000
0.8450 0.0000
0.8467 0.0000
0.8483 0.0000
0.8500 0.0000
0.8517 0.0000
0.8533 0.0000
0.8550 0.0000
0.8567 0.0000
0.8583 0.0000
0.8600 0.0000
0.8617 0.0000
0.8633 0.0000
0.8650 0.0000
0.8667 0.0000
0.8683 0.0000
0.8700 0.0000
0.8717 0.0000
0.8733 0.0000
0.8750 0.0000
0.8767 0.0000
0.8783 0.0000
0.8800 0.0000
0.8817 0.0000
0.8833 0.0000
0.8850 0.0000
0.8867 0.0000
0.8883 0.0000
0.8900 0.0000
0.8917 0.0000
0.8933 0.0000
0.8950 0.0000
0.8967 0.0000
0.8983 0.0000
0.9000 0.0000
0.9017 0.0000
0.9033 0.0000
0.9050 0.0000
0.9067 0.0000
0.9083 0.0000
0.9100 0.0000
0.9117 0.0000
0.9133 0.0000
0.9150 0.0000
0.9167 0.0000
0.9183 0.0000
0.9200 0.0000
0.9217 0.0000
0.9233 0.0000
0.9250 0.0000
0.9267 0.0000
0.9283 0.0000
0.9300 0.0000
0.9317 0.0000
0.9333 0.0000
0.9350 0.0000
0.9367 0.0000
0.9383 0.0000
0.9400 0.0000
0.9417 0.0000
0.9433 0.0000
0.9450 0.0000
0.9467 0.0000
0.9483 0.0000
0.9500 0.0000
0.9517 0.0000
0.9533 0.0000
0.9550 0.0000
0.9567 0.0000
0.9583 0.0000
0.9600 0.0000
0.9617 0.0000
0.9633 0.0000
0.9650 0.0000
0.9667 0.0000
0.9683 0.0000
0.9700 0.0000
0.9717 0.0000
0.9733 0.0000
0.9750 0.0000
0.9767 0.0000
0.9783 0.0000
0.9800 0.0000
0.9817 0.0000
0.9833 0.0000
0.9850 0.0000
0.9867 0.0000
0.9883 0.0000
0.9900 0.0000
0.9917 0.0000
0.9933 0.0000
0.9950 0.0000
0.9967 0.0000
0.9983 0.0000
1.0000 0.0000
1.0017 0.0000
1.0033 0.0000
1.0050 0.0000
1.0067 0.0000
1.0083 0.0000
1.0100 0.0000
1.0117 0.0000
1.0133 0.0000
1.0150 0.0000
1.0167 0.0000
1.0183 0.0000
1.0200 0.0000
1.0217 0.0000
1.0233 0.0000
1.0250 0.0000
1.0267 0.0000
1.0283 0.0000
1.0300 0.0000
1.0317 0.0000
1.0333 0.0000
1.0350 0.0000
1.0367 0.0000
1.0383 0.0000
1.0400 0.0000
1.0417 0.0000
1.0433 0.0000
1.0450 0.0000
1.0467 0.0000
1.0483 0.0000
1.0500 0.0000
1.0517 0.0000
1.0533 0.0000
1.0550 0.0000
1.0567 0.0000
1.0583 0.0000
1.0600 0.0000
1.0617 0.0000
1.0633 0.0000
1.0650 0.0000
1.0667 0.0000
1.0683 0.0000
1.0700 0.0000
1.0717 0.0000
1.0733 0.0000
1.0750 0.0000
1.0767 0.0000
1.0783 0.0000
1.0800 0.0000
1.0817 0.0000
1.0833 0.0000
1.0850 0.0000
1.0867 0.0000
1.0883 0.0000
1.0900 0.0000
1.0917 0.0000
1.0933 0.0000
1.0950 0.0000
1.0967 0.0000
1.0983 0.0000
1.1000 0.0000
1.1017 0.0000
1.1033 0.0000
1.1050 0.0000
1.1067 0.0000
1.1083 0.0000
1.1100 0.0000
1.1117 0.0000
1.1133 0.0000
1.1150 0.0000
1.1167 0.0000
1.1183 0.0000
1.1200 0.0000
1.1217 0.0000
1.1233 0.0000
1.1250 0.0000
1.1267 0.0000
1.1283 0.0000
1.1300 0.0000
1.1317 0.0000
1.1333 0.0000
1.1350 0.0000
1.1367 0.0000
1.1383 0.0000
1.1400 0.0000
1.1417 0.0000
1.1433 0.0000
1.1450 0.0000
1.1467 0.0000
1.1483 0.0000
1.1500 0.0000
1.1517 0.0000
1.1533 0.0000
1.1550 0.0000
1.1567 0.0000
1.1583 0.0000
1.1600 0.0000
1.1617 0.0000
1.1633 0.0000
1.1650 0.0000
1.1667 0.0000
1.1683 0.0000
1.1700 0.0000
1.1717 0.0000
1.1733 0.0000
1.1750 0.0000
1.1767 0.0000
1.1783 0.0000
1.1800 0.0000
1.1817 0.0000
1.1833 0.0000
1.1850 0.0000
1.1867 0.0000
1.1883 0.0000
1.1900 0.0000
1.1917 0.0000
1.1933 0.0000
1.1950 0.0000
1.1967 0.0000
1.1983 0.0000
1.2000 0.0000
1.2017 0.0000
1.2033 0.0000
1.2050 0.0000
1.2067 0.0000
1.2083 0.0000
1.2100 0.0000
1.2117 0.0000
1.2133 0.0000
1.2150 0.0000
1.2167 0.0000
1.2183 0.0000
1.2200 0.0000
1.2217 0.0000
1.2233 0.0000
1.2250 0.0000
1.2267 0.0000
1.2283 0.0000
1.2300 0.0000
1.2317 0.0000
1.2333 0.0000
1.2350 0.0000
1.2367 0.0000
1.2383 0.0000
1.2400 0.0000
1.2417 0.0000
1.2433 0.0000
1.2450 0.0000
1.2467 0.0000
1.2483 0.0000
1.2500 0.0000
1.2517 0.0000
1.2533 0.0000
1.2550 0.0000
1.2567 0.0000
1.2583 0.0000
1.2600 0.0000
1.2617 0.0000
1.2633 0.0000
1.2650 0.0000
1.2667 0.0000
1.2683 0.0000
1.2700 0.0000
1.2717 0.0000
1.2733 0.0000
1.2750 0.0000
1.2767 0.0000
1.2783 0.0000
1.2800 0.0000
1.2817 0.0000
1.2833 0.0000
1.2850 0.0000
1.2867 0.0000
1.2883 0.0000
1.2900 0.0000
1.2917 0.0000
1.2933 0.0000
1.2950 0.0000
1.2967 0.0000
1.2983 0.0000
1.3000 0.0000
1.3017 0.0000
1.3033 0.0000
1.3050 0.0000
1.3067 0.0000
1.3083 0.0000
1.3100 0.0000
1.3117 0.0000
1.3133 0.0000
1.3150 0.0000
1.3167 0.0000
1.3183 0.0000
1.3200 0.0000
1.3217 0.0000
1.3233 0.0000
1.3250 0.0000
1.3267 0.0000
1.3283 0.0000
1.3300 0.0000
1.3317 0.0000
1.3333 0.0000
1.3350 0.0000
1.3367 0.0000
1.3383 0.0000
1.3400 0.0000
1.3417 0.0000
1.3433 0.0000
1.3450 0.0000
1.3467 0.0000
1.3483 0.0000
1.3500 0.0000
1.3517 0.0000
1.3533 0.0000
1.3550 0.0000
1.3567 0.0000
1.3583 0.0000
1.3600 0.0000
1.3617 0.0000
1.3633 0.0000
1.3650 0.0000
1.3667 0.0000
1.3683 0.0000
1.3700 0.0000
1.3717 0.0000
1.3733 0.0000
1.3750 0.0000
1.3767 0.0000
1.3783 0.0000
1.3800 0.0000
1.3817 0.0000
1.3833 0.0000
1.3850 0.0000
1.3867 0.0000
1.3883 0.0000
1.3900 0.0000
1.3917 0.0000
1.3933 0.0000
1.3950 0.0000
1.3967 0.0000
1.3983 0.0000
1.4000 0.0000
1.4017 0.0000
1.4033 0.0000
1.4050 0.0000
1.4067 0.0000
1.4083 0.0000
1.4100 0.0000
1.4117 0.0000
1.4133 0.0000
1.4150 0.0000
1.4167 0.0000
1.4183 0.0000
1.4200 0.0000
1.4217 0.0000
1.4233 0.0000
1.4250 0.0000
1.4267 0.0000
1.4283 0.0000
1.4300 0.0000
1.4317 0.0000
1.4333 0.0000
1.4350 0.0000
1.4367 0.0000
1.4383 0.0000
1.4400 0.0000
1.4417 0.0000
1.4433 0.0000
1.4450 0.0000
1.4467 0.0000
1.4483 0.0000
1.4500 0.0000
1.4517 0.0000
1.4533 0.0000
1.4550 0.0000
1.4567 0.0000
1.4583 0.0000
1.4600 0.0000
1.4617 0.0000
1.4633 0.0000
1.4650 0.0000
1.4667 0.0000
1.4683 0.0000
1.4700 0.0000
1.4717 0.0000
1.4733 0.0000
1.4750 0.0000
1.4767 0.0000
1.4783 0.0000
1.4800 0.0000
1.4817 0.0000
1.4833 0.0000
1.4850 0.0000
1.4867 0.0000
1.4883 0.0000
1.4900 0.0000
1.4917 0.0000
1.4933 0.0000
1.4950 0.0000
1.4967 0.0000
1.4983 0.0000
1.5000 0.0000
1.5017 0.0000
1.5033 0.0000
1.5050 0.0000
1.5067 0.0000
1.5083 0.0000
1.5100 0.0000
1.5117 0.0000
1.5133 0.0000
1.5150 0.0000
1.5167 0.0000
1.5183 0.0000
1.5200 0.0000
1.5217 0.0000
1.5233 0.0000
1.5250 0.0000
1.5267 0.0000
1.5283 0.0000
1.5300 0.0000
1.5317 0.0000
1.5333 0.0000
1.5350 0.0000
1.5367 0.0000
1.5383 0.0000
1.5400 0.0000
1.5417 0.0000
1.5433 0.0000
1.5450 0.0000
1.5467 0.0000
1.5483 0.0000
1.5500 0.0000
1.5517 0.0000
1.5533 0.0000
1.5550 0.0000
1.5567 0.0000
1.5583 0.0000
1.5600 0.0000
1.5617 0.0000
1.5633 0.0000
1.5650 0.0000
1.5667 0.0000
1.5683 0.0000
1.5700 0.0000
1.5717 0.0000
1.5733 0.0000
1.5750 0.0000
1.5767 0.0000
1.5783 0.0000
1.5800 0.0000
1.5817 0.0000
1.5833 0.0000
1.5850 0.0000
1.5867 0.0000
1.5883 0.0000
1.5900 0.0000
1.5917 0.0000
1.5933 0.0000
1.5950 0.0000
1.5967 0.0000
1.5983 0.0000
1.6000 0.0000
1.6017 0.0000
1.6033 0.0000
1.6050 0.0000
1.6067 0.0000
1.6083 0.0000
1.6100 0.0000
1.6117 0.0000
1.6133 0.0000
1.6150 0.0000
1.6167 0.0000
1.6183 0.0000
1.6200 0.0000
1.6217 0.0000
1.6233 0.0000
1.6250 0.0000
1.6267 0.0000
1.6283 0.0000
1.6300 0.0000
1.6317 0.0000
1.6333 0.0000
1.6350 0.0000
1.6367 0.0000
1.6383 0.0000
1.6400 0.0000
1.6417 0.0000
1.6433 0.0000
1.6450 0.0000
1.6467 0.0000
1.6483 0.0000
1.6500 0.0000
1.6517 0.0000
1.6533 0.0000
1.6550 0.0000
1.6567 0.0000
1.6583 0.0000
1.6600 0.0000
1.6617 0.0000
1.6633 0.0000
1.6650 0.0000
1.6667 0.0000
1.6683 0.0000
1.6700 0.0000
1.6717 0.0000
1.6733 0.0000
1.6750 0.0000
1.6767 0.0000
1.6783 0.0000
1.6800 0.0000
1.6817 0.0000
1.6833 0.0000
1.6850 0.0000
1.6867 0.0000
1.6883 0.0000
1.6900 0.0000
1.6917 0.0000
1.6933 0.0000
1.6950 0.0000
1.6967 0.0000
1.6983 0.0000
1.7000 0.0000
1.7017 0.0000
1.7033 0.0000
1.7050 0.0000
1.7067 0.0000
1.7083 0.0000
1.7100 0.0000
1.7117 0.0000
1.7133 0.0000
1.7150 0.0000
1.7167 0.0000
1.7183 0.0000
1.7200 0.0000
1.7217 0.0000
1.7233 0.0000
1.7250 0.0000
1.7267 0.0000
1.7283 0.0000
1.7300 0.0000
1.7317 0.0000
1.7333 0.0000
1.7350 0.0000
1.7367 0.0000
1.7383 0.0000
1.7400 0.0000
1.7417 0.0000
1.7433 0.0000
1.7450 0.0000
1.7467 0.0000
1.7483 0.0000
1.7500 0.0000
1.7517 0.0000
1.7533 0.0000
1.7550 0.0000
1.7567 0.0000
1.7583 0.0000
1.7600 0.0000
1.7617 0.0000
1.7633 0.0000
1.7650 0.0000
1.7667 0.0000
1.7683 0.0000
1.7700 0.0000
1.7717 0.0000
1.7733 0.0000
1.7750 0.0000
1.7767 0.0000
1.7783 0.0000
1.7800 0.0000
1.7817 0.0000
1.7833 0.0000
1.7850 0.0000
1.7867 0.0000
1.7883 0.0000
1.7900 0.0000
1.7917 0.0000
1.7933 0.0000
1.7950 0.0000
1.7967 0.0000
1.7983 0.0000
1.8000 0.0000
1.8017 0.0000
1.8033 0.0000
1.8050 0.0000
1.8067 0.0000
1.8083 0.0000
1.8100 0.0000
1.8117 0.0000
1.8133 0.0000
1.8150 0.0000
1.8167 0.0000
1.8183 0.0000
1.8200 0.0000
1.8217 0.0000
1.8233 0.0000
1.8250 0.0000
1.8267 0.0000
1.8283 0.0000
1.8300 0.0000
1.8317 0.0000
1.8333 0.0000
1.8350 0.0000
1.8367 0.0000
1.8383 0.0000
1.8400 0.0000
1.8417 0.0000
1.8433 0.0000
1.8450 0.0000
1.8467 0.0000
1.8483 0.0000
1.8500 0.0000
1.8517 0.0000
1.8533 0.0000
1.8550 0.0000
1.8567 0.0000
1.8583 0.0000
1.8600 0.0000
1.8617 0.0000
1.8633 0.0000
1.8650 0.0000
1.8667 0.0000
1.8683 0.0000
1.8700 0.0000
1.8717 0.0000
1.8733 0.0000
1.8750 0.0000
1.8767 0.0000
1.8783 0.0000
1.8800 0.0000
1.8817 0.0000
1.8833 0.0000
1.8850 0.0000
1.8867 0.0000
1.8883 0.0000
1.8900 0.0000
1.8917 0.0000
1.8933 0.0000
1.8950 0.0000
1.8967 0.0000
1.8983 0.0000
1.9000 0.0000
1.9017 0.0000
1.9033 0.0000
1.9050 0.0000
1.9067 0.0000
1.9083 0.0000
1.9100 0.0000
1.9117 0.0000
1.9133 0.0000
1.9150 0.0000
1.9167 0.0000
1.9183 0.0000
1.9200 0.0000
1.9217 0.0000
1.9233 0.0000
1.9250 0.0000
1.9267 0.0000
1.9283 0.0000
1.9300 0.0000
1.9317 0.0000
1.9333 0.0000
1.9350 0.0000
1.9367 0.0000
1.9383 0.0000
1.9400 0.0000
1.9417 0.0000
1.9433 0.0000
1.9450 0.0000
1.9467 0.0000
1.9483 0.0000
1.9500 0.0000
1.9517 0.0000
1.9533 0.0000
1.9550 0.0000
1.9567 0.0000
1.9583 0.0000
1.9600 0.0000
1.9617 0.0000
1.9633 0.0000
1.9650 0.0000
1.9667 0.0000
1.9683 0.0000
1.9700 0.0000
1.9717 0.0000
1.9733 0.0000
1.9750 0.0000
1.9767 0.0000
1.9783 0.0000
1.9800 0.0000
1.9817 0.0000
1.9833 0.0000
1.9850 0.0000
1.9867 0.0000
1.9883 0.0000
1.9900 0.0000
1.9917 0.0000
1.9933 0.0000
1.9950 0.0000
1.9967 0.0000
1.9983 0.0000
2.0000 0.0000
2.0017 0.0000
2.0033 0.0000
2.0050 0.0000
2.0067 0.0000
2.0083 0.0000
2.0100 0.0000
2.0117 0.0000
2.0133 0.0000
2.0150 0.0000
2.0167 0.0000
2.0183 0.0000
2.0200 0.0000
2.0217 0.0000
2.0233 0.0000
2.0250 0.0000
2.0267 0.0000
2.0283 0.0000
2.0300 0.0000
2.0317 0.0000
2.0333 0.0000
2.0350 0.0000
2.0367 0.0000
2.0383 0.0000
2.0400 0.0000
2.0417 0.0000
2.0433 0.0000
2.0450 0.0000
2.0467 0.0000
2.0483 0.0000
2.0500 0.0000
2.0517 0.0000
2.0533 0.0000
2.0550 0.0000
2.0567 0.0000
2.0583 0.0000
2.0600 0.0000
2.0617 0.0000
2.0633 0.0000
2.0650 0.0000
2.0667 0.0000
2.0683 0.0000
2.0700 0.0000
2.0717 0.0000
2.0733 0.0000
2.0750 0.0000
2.0767 0.0000
2.0783 0.0000
2.0800 0.0000
2.0817 0.0000
2.0833 0.0000
2.0850 0.0000
2.0867 0.0000
2.0883 0.0000
2.0900 0.0000
2.0917 0.0000
2.0933 0.0000
2.0950 0.0000
2.0967 0.0000
2.0983 0.0000
2.1000 0.0000
2.1017 0.0000
2.1033 0.0000
2.1050 0.0000
2.1067 0.0000
2.1083 0.0000
2.1100 0.0000
2.1117 0.0000
2.1133 0.0000
2.1150 0.0000
2.1167 0.0000
2.1183 0.0000
2.1200 0.0000
2.1217 0.0000
2.1233 0.0000
2.1250 0.0000
2.1267 0.0000
2.1283 0.0000
2.1300 0.0000
2.1317 0.0000
2.1333 0.0000
2.1350 0.0000
2.1367 0.0000
2.1383 0.0000
2.1400 0.0000
2.1417 0.0000
2.1433 0.0000
2.1450 0.0000
2.1467 0.0000
2.1483 0.0000
2.1500 0.0000
2.1517 0.0000
2.1533 0.0000
2.1550 0.0000
2.1567 0.0000
2.1583 0.0000
2.1600 0.0000
2.1617 0.0000
2.1633 0.0000
2.1650 0.0000
2.1667 0.0000
2.1683 0.0000
2.1700 0.0000
2.1717 0.0000
2.1733 0.0000
2.1750 0.0000
2.1767 0.0000
2.1783 0.0000
2.1800 0.0000
2.1817 0.0000
2.1833 0.0000
2.1850 0.0000
2.1867 0.0000
2.1883 0.0000
2.1900 0.0000
2.1917 0.0000
2.1933 0.0000
2.1950 0.0000
2.1967 0.0000
2.1983 0.0000
2.2000 0.0000
2.2017 0.0000
2.2033 0.0000
2.2050 0.0000
2.2067 0.0000
2.2083 0.0000
2.2100 0.0000
2.2117 0.0000
2.2133 0.0000
2.2150 0.0000
2.2167 0.0000
2.2183 0.0000
2.2200 0.0000
2.2217 0.0000
2.2233 0.0000
2.2250 0.0000
2.2267 0.0000
2.2283 0.0000
2.2300 0.0000
2.2317 0.0000
2.2333 0.0000
2.2350 0.0000
2.2367 0.0000
2.2383 0.0000
2.2400 0.0000
2.2417 0.0000
2.2433 0.0000
2.2450 0.0000
2.2467 0.0000
2.2483 0.0000
2.2500 0.0000
2.2517 0.0000
2.2533 0.0000
2.2550 0.0000
2.2567 0.0000
2.2583 0.0000
2.2600 0.0000
2.2617 0.0000
2.2633 0.0000
2.2650 0.0000
2.2667 0.0000
2.2683 0.0000
2.2700 0.0000
2.2717 0.0000
2.2733 0.0000
2.2750 0.0000
2.2767 0.0000
2.2783 0.0000
2.2800 0.0000
2.2817 0.0000
2.2833 0.0000
2.2850 0.0000
2.2867 0.0000
2.2883 0.0000
2.2900 0.0000
2.2917 0.0000
2.2933 0.0000
2.2950 0.0000
2.2967 0.0000
2.2983 0.0000
2.3000 0.0000
2.3017 0.0000
2.3033 0.0000
2.3050 0.0000
2.3067 0.0000
2.3083 0.0000
2.3100 0.0000
2.3117 0.0000
2.3133 0.0000
2.3150 0.0000
2.3167 0.0000
2.3183 0.0000
2.3200 0.0000
2.3217 0.0000
2.3233 0.0000
2.3250 0.0000
2.3267 0.0000
2.3283 0.0000
2.3300 0.0000
2.3317 0.0000
2.3333 0.0000
2.3350 0.0000
2.3367 0.0000
2.3383 0.0000
2.3400 0.0000
2.3417 0.0000
2.3433 0.0000
2.3450 0.0000
2.3467 0.0000
2.3483 0.0000
2.3500 0.0000
2.3517 0.0000
2.3533 0.0000
2.3550 0.0000
2.3567 0.0000
2.3583 0.0000
2.3600 0.0000
2.3617 0.0000
2.3633 0.0000
2.3650 0.0000
2.3667 0.0000
2.3683 0.0000
2.3700 0.0000
2.3717 0.0000
2.3733 0.0000
2.3750 0.0000
2.3767 0.0000
2.3783 0.0000
2.3800 0.0000
2.3817 0.0000
2.3833 0.0000
2.3850 0.0000
2.3867 0.0000
2.3883 0.0000
2.3900 0.0000
2.3917 0.0000
2.3933 0.0000
2.3950 0.0000
2.3967 0.0000
2.3983 0.0000
2.4000 0.0000
2.4017 0.0000
2.4033 0.0000
2.4050 0.0000
2.4067 0.0000
2.4083 0.0000
2.4100 0.0000
2.4117 0.0000
2.4133 0.0000
2.4150 0.0000
2.4167 0.0000
2.4183 0.0000
2.4200 0.0000
2.4217 0.0000
2.4233 0.0000
2.4250 0.0000
2.4267 0.0000
2.4283 0.0000
2.4300 0.0000
2.4317 0.0000
2.4333 0.0000
2.4350 0.0000
2.4367 0.0000
2.4383 0.0000
2.4400 0.0000
2.4417 0.0000
2.4433 0.0000
2.4450 0.0000
2.4467 0.0000
2.4483 0.0000
2.4500 0.0000
2.4517 0.0000
2.4533 0.0000
2.4550 0.0000
2.4567 0.0000
2.4583 0.0000
2.4600 0.0000
2.4617 0.0000
2.4633 0.0000
2.4650 0.0000
2.4667 0.0000
2.4683 0.0000
2.4700 0.0000
2.4717 0.0000
2.4733 0.0000
2.4750 0.0000
2.4767 0.0000
2.4783 0.0000
2.4800 0.0000
2.4817 0.0000
2.4833 0.0000
2.4850 0.0000
2.4867 0.0000
2.4883 0.0000
2.4900 0.0000
2.4917 0.0000
2.4933 0.0000
2.4950 0.0000
2.4967 0.0000
2.4983 0.0000
2.5000 0.0000
2.5017 0.0000
2.5033 0.0000
2.5050 0.0000
2.5067 0.0000
2.5083 0.0000
2.5100 0.0000
2.5117 0.0000
2.5133 0.0000
2.5150 0.0000
2.5167 0.0000
2.5183 0.0000
2.5200 0.0000
2.5217 0.0000
2.5233 0.0000
2.5250 0.0000
2.5267 0.0000
2.5283 0.0000
2.5300 0.0000
2.5317 0.0000
2.5333 0.0000
2.5350 0.0000
2.5367 0.0000
2.5383 0.0000
2.5400 0.0000
2.5417 0.0000
2.5433 0.0000
2.5450 0.0000
2.5467 0.0000
2.5483 0.0000
2.5500 0.0000
2.5517 0.0000
2.5533 0.0000
2.5550 0.0000
2.5567 0.0000
2.5583 0.0000
2.5600 0.0000
2.5617 0.0000
2.5633 0.0000
2.5650 0.0000
2.5667 0.0000
2.5683 0.0000
2.5700 0.0000
2.5717 0.0000
2.5733 0.0000
2.5750 0.0000
2.5767 0.0000
2.5783 0.0000
2.5800 0.0000
2.5817 0.0000
2.5833 0.0000
2.5850 0.0000
2.5867 0.0000
2.5883 0.0000
2.5900 0.0000
2.5917 0.0000
2.5933 0.0000
2.5950 0.0000
2.5967 0.0000
2.5983 0.0000
2.6000 0.0000
2.6017 0.0000
2.6033 0.0000
2.6050 0.0000
2.6067 0.0000
2.6083 0.0000
2.6100 0.0000
2.6117 0.0000
2.6133 0.0000
2.6150 0.0000
2.6167 0.0000
2.6183 0.0000
2.6200 0.0000
2.6217 0.0000
2.6233 0.0000
2.6250 0.0000
2.6267 0.0000
2.6283 0.0000
2.6300 0.0000
2.6317 0.0000
2.6333 0.0000
2.6350 0.0000
2.6367 0.0000
2.6383 0.0000
2.6400 0.0000
2.6417 0.0000
2.6433 0.0000
2.6450 0.0000
2.6467 0.0000
2.6483 0.0000
2.6500 0.0000
2.6517 0.0000
2.6533 0.0000
2.6550 0.0000
2.6567 0.0000
2.6583 0.0000
2.6600 0.0000
2.6617 0.0000
2.6633 0.0000
2.6650 0.0000
2.6667 0.0000
2.6683 0.0000
2.6700 0.0000
2.6717 0.0000
2.6733 0.0000
2.6750 0.0000
2.6767 0.0000
2.6783 0.0000
2.6800 0.0000
2.6817 0.0000
2.6833 0.0000
2.6850 0.0000
2.6867 0.0000
2.6883 0.0000
2.6900 0.0000
2.6917 0.0000
2.6933 0.0000
2.6950 0.0000
2.6967 0.0000
2.6983 0.0000
2.7000 0.0000
2.7017 0.0000
2.7033 0.0000
2.7050 0.0000
2.7067 0.0000
2.7083 0.0000
2.7100 0.0000
2.7117 0.0000
2.7133 0.0000
2.7150 0.0000
2.7167 0.0000
2.7183 0.0000
2.7200 0.0000
2.7217 0.0000
2.7233 0.0000
2.7250 0.0000
2.7267 0.0000
2.7283 0.0000
2.7300 0.0000
2.7317 0.0000
2.7333 0.0000
2.7350 0.0000
2.7367 0.0000
2.7383 0.0000
2.7400 0.0000
2.7417 0.0000
2.7433 0.0000
2.7450 0.0000
2.7467 0.0000
2.7483 0.0000
2.7500 0.0000
2.7517 0.0000
2.7533 0.0000
2.7550 0.0000
2.7567 0.0000
2.7583 0.0000
2.7600 0.0000
2.7617 0.0000
2.7633 0.0000
2.7650 0.0000
2.7667 0.0000
2.7683 0.0000
2.7700 0.0000
2.7717 0.0000
2.7733 0.0000
2.7750 0.0000
2.7767 0.0000
2.7783 0.0000
2.7800 0.0000
2.7817 0.0000
2.7833 0.0000
2.7850 0.0000
2.7867 0.0000
2.7883 0.0000
2.7900 0.0000
2.7917 0.0000
2.7933 0.0000
2.7950 0.0000
2.7967 0.0000
2.7983 0.0000
2.8000 0.0000
2.8017 0.0000
2.8033 0.0000
2.8050 0.0000
2.8067 0.0000
2.8083 0.0000
2.8100 0.0000
2.8117 0.0000
2.8133 0.0000
2.8150 0.0000
2.8167 0.0000
2.8183 0.0000
2.8200 0.0000
2.8217 0.0000
2.8233 0.0000
2.8250 0.0000
2.8267 0.0000
2.8283 0.0000
2.8300 0.0000
2.8317 0.0000
2.8333 0.0000
2.8350 0.0000
2.8367 0.0000
2.8383 0.0000
2.8400 0.0000
2.8417 0.0000
2.8433 0.0000
2.8450 0.0000
2.8467 0.0000
2.8483 0.0000
2.8500 0.0000
2.8517 0.0000
2.8533 0.0000
2.8550 0.0000
2.8567 0.0000
2.8583 0.0000
2.8600 0.0000
2.8617 0.0000
2.8633 0.0000
2.8650 0.0000
2.8667 0.0000
2.8683 0.0000
2.8700 0.0000
2.8717 0.0000
2.8733 0.0000
2.8750 0.0000
2.8767 0.0000
2.8783 0.0000
2.8800 0.0000
2.8817 0.0000
2.8833 0.0000
2.8850 0.0000
2.8867 0.0000
2.8883 0.0000
2.8900 0.0000
2.8917 0.0000
2.8933 0.0000
2.8950 0.0000
2.8967 0.0000
2.8983 0.0000
2.9000 0.0000
2.9017 0.0000
2.9033 0.0000
2.9050 0.0000
2.9067 0.0000
2.9083 0.0000
2.9100 0.0000
2.9117 0.0000
2.9133 0.0000
2.9150 0.0000
2.9167 0.0000
2.9183 0.0000
2.9200 0.0000
2.9217 0.0000
2.9233 0.0000
2.9250 0.0000
2.9267 0.0000
2.9283 0.0000
2.9300 0.0000
2.9317 0.0000
2.9333 0.0000
2.9350 0.0000
2.9367 0.0000
2.9383 0.0000
2.9400 0.0000
2.9417 0.0000
2.9433 0.0000
2.9450 0.0000
2.9467 0.0000
2.9483 0.0000
2.9500 0.0000
2.9517 0.0000
2.9533 0.0000
2.9550 0.0000
2.9567 0.0000
2.9583 0.0000
2.9600 0.0000
2.9617 0.0000
2.9633 0.0000
2.9650 0.0000
2.9667 0.0000
2.9683 0.0000
2.9700 0.0000
2.9717 0.0000
2.9733 0.0000
2.9750 0.0000
2.9767 0.0000
2.9783 0.0000
2.9800 0.0000
2.9817 0.0000
2.9833 0.0000
2.9850 0.0000
2.9867 0.0000
2.9883 0.0000
2.9900 0.0000
2.9917 0.0000
2.9933 0.0000
2.9950 0.0000
2.9967 0.0000
2.9983 0.0000
3.0000 0.0000
3.0017 0.0000
3.0033 0.0000
3.0050 0.0000
3.0067 0.0000
3.0083 0.0000
3.0100 0.0000
3.0117 0.0000
3.0133 0.0000
3.0150 0.0000
3.0167 0.0000
3.0183 0.0000
3.0200 0.0000
3.0217 0.0000
3.0233 0.0000
3.0250 0.0000
3.0267 0.0000
3.0283 0.0000
3.0300 0.0000
3.0317 0.0000
3.0333 0.0000
3.0350 0.0000
3.0367 0.0000
3.0383 0.0000
3.0400 0.0000
3.0417 0.0000
3.0433 0.0000
3.0450 0.0000
3.0467 0.0000
3.0483 0.0000
3.0500 0.0000
3.0517 0.0000
3.0533 0.0000
3.0550 0.0000
3.0567 0.0000
3.0583 0.0000
3.0600 0.0000
3.0617 0.0000
3.0633 0.0000
3.0650 0.0000
3.0667 0.0000
3.0683 0.0000
3.0700 0.0000
3.0717 0.0000
3.0733 0.0000
3.0750 0.0000
3.0767 0.0000
3.0783 0.0000
3.0800 0.0000
3.0817 0.0000
3.0833 0.0000
3.0850 0.0000
3.0867 0.0000
3.0883 0.0000
3.0900 0.0000
3.0917 0.0000
3.0933 0.0000
3.0950 0.0000
3.0967 0.0000
3.0983 0.0000
3.1000 0.0000
3.1017 0.0000
3.1033 0.0000
3.1050 0.0000
3.1067 0.0000
3.1083 0.0000
3.1100 0.0000
3.1117 0.0000
3.1133 0.0000
3.1150 0.0000
3.1167 0.0000
3.1183 0.0000
3.1200 0.0000
3.1217 0.0000
3.1233 0.0000
3.1250 0.0000
3.1267 0.0000
3.1283 0.0000
3.1300 0.0000
3.1317 0.0000
3.1333 0.0000
3.1350 0.0000
3.1367 0.0000
3.1383 0.0000
3.1400 0.0000
3.1417 0.0000
3.1433 0.0000
3.1450 0.0000
3.1467 0.0000
3.1483 0.0000
3.1500 0.0000
3.1517 0.0000
3.1533 0.0000
3.1550 0.0000
3.1567 0.0000
3.1583 0.0000
3.1600 0.0000
3.1617 0.0000
3.1633 0.0000
3.1650 0.0000
3.1667 0.0000
3.1683 0.0000
3.1700 0.0000
3.1717 0.0000
3.1733 0.0000
3.1750 0.0000
3.1767 0.0000
3.1783 0.0000
3.1800 0.0000
3.1817 0.0000
3.1833 0.0000
3.1850 0.0000
3.1867 0.0000
3.1883 0.0000
3.1900 0.0000
3.1917 0.0000
3.1933 0.0000
3.1950 0.0000
3.1967 0.0000
3.1983 0.0000
3.2000 0.0000
3.2017 0.0000
3.2033 0.0000
3.2050 0.0000
3.2067 0.0000
3.2083 0.0000
3.2100 0.0000
3.2117 0.0000
3.2133 0.0000
3.2150 0.0000
3.2167 0.0000
3.2183 0.0000
3.2200 0.0000
3.2217 0.0000
3.2233 0.0000
3.2250 0.0000
3.2267 0.0000
3.2283 0.0000
3.2300 0.0000
3.2317 0.0000
3.2333 0.0000
3.2350 0.0000
3.2367 0.0000
3.2383 0.0000
3.2400 0.0000
3.2417 0.0000
3.2433 0.0000
3.2450 0.0000
3.2467 0.0000
3.2483 0.0000
3.2500 0.0000
3.2517 0.0000
3.2533 0.0000
3.2550 0.0000
3.2567 0.0000
3.2583 0.0000
3.2600 0.0000
3.2617 0.0000
3.2633 0.0000
3.2650 0.0000
3.2667 0.0000
3.2683 0.0000
3.2700 0.0000
3.2717 0.0000
3.2733 0.0000
3.2750 0.0000
3.2767 0.0000
3.2783 0.0000
3.2800 0.0000
3.2817 0.0000
3.2833 0.0000
3.2850 0.0000
3.2867 0.0000
3.2883 0.0000
3.2900 0.0000
3.2917 0.0000
3.2933 0.0000
3.2950 0.0000
3.2967 0.0000
3.2983 0.0000
3.3000 0.0000
3.3017 0.0000
3.3033 0.0000
3.3050 0.0000
3.3067 0.0000
3.3083 0.0000
3.3100 0.0000
3.3117 0.0000
3.3133 0.0000
3.3150 0.0000
3.3167 0.0000
3.3183 0.0000
3.3200 0.0000
3.3217 0.0000
3.3233 0.0000
3.3250 0.0000
3.3267 0.0000
3.3283 0.0000
3.3300 0.0000
3.3317 0.0000
3.3333 0.0000
3.3350 0.0000
3.3367 0.0000
3.3383 0.0000
3.3400 0.0000
3.3417 0.0000
3.3433 0.0000
3.3450 0.0000
3.3467 0.0000
3.3483 0.0000
3.3500 0.0000
3.3517 0.0000
3.3533 0.0000
3.3550 0.0000
3.3567 0.0000
3.3583 0.0000
3.3600 0.0000
3.3617 0.0000
3.3633 0.0000
3.3650 0.0000
3.3667 0.0000
3.3683 0.0000
3.3700 0.0000
3.3717 0.0000
3.3733 0.0000
3.3750 0.0000
3.3767 0.0000
3.3783 0.0000
3.3800 0.0000
3.3817 0.0000
3.3833 0.0000
3.3850 0.0000
3.3867 0.0000
3.3883 0.0000
3.3900 0.0000
3.3917 0.0000
3.3933 0.0000
3.3950 0.0000
3.3967 0.0000
3.3983 0.0000
3.4000 0.0000
3.4017 0.0000
3.4033 0.0000
3.4050 0.0000
3.4067 0.0000
3.4083 0.0000
3.4100 0.0000
3.4117 0.0000
3.4133 0.0000
3.4150 0.0000
3.4167 0.0000
3.4183 0.0000
3.4200 0.0000
3.4217 0.0000
3.4233 0.0000
3.4250 0.0000
3.4267 0.0000
3.4283 0.0000
3.4300 0.0000
3.4317 0.0000
3.4333 0.0000
3.4350 0.0000
3.4367 0.0000
3.4383 0.0000
3.4400 0.0000
3.4417 0.0000
3.4433 0.0000
3.4450 0.0000
3.4467 0.0000
3.4483 0.0000
3.4500 0.0000
3.4517 0.0000
3.4533 0.0000
3.4550 0.0000
3.4567 0.0000
3.4583 0.0000
3.4600 0.0000
3.4617 0.0000
3.4633 0.0000
3.4650 0.0000
3.4667 0.0000
3.4683 0.0000
3.4700 0.0000
3.4717 0.0000
3.4733 0.0000
3.4750 0.0000
3.4767 0.0000
3.4783 0.0000
3.4800 0.0000
3.4817 0.0000
3.4833 0.0000
3.4850 0.0000
3.4867 0.0000
3.4883 0.0000
3.4900 0.0000
3.4917 0.0000
3.4933 0.0000
3.4950 0.0000
3.4967 0.0000
3.4983 0.0000
3.5000 0.0000
3.5017 0.0000
3.5033 0.0000
3.5050 0.0000
3.5067 0.0000
3.5083 0.0000
3.5100 0.0000
3.5117 0.0000
3.5133 0.0000
3.5150 0.0000
3.5167 0.0000
3.5183 0.0000
3.5200 0.0000
3.5217 0.0000
3.5233 0.0000
3.5250 0.0000
3.5267 0.0000
3.5283 0.0000
3.5300 0.0000
3.5317 0.0000
3.5333 0.0000
3.5350 0.0000
3.5367 0.0000
3.5383 0.0000
3.5400 0.0000
3.5417 0.0000
3.5433 0.0000
3.5450 0.0000
3.5467 0.0000
3.5483 0.0000
3.5500 0.0000
3.5517 0.0000
3.5533 0.0000
3.5550 0.0000
3.5567 0.0000
3.5583 0.0000
3.5600 0.0000
3.5617 0.0000
3.5633 0.0000
3.5650 0.0000
3.5667 0.0000
3.5683 0.0000
3.5700 0.0000
3.5717 0.0000
3.5733 0.0000
3.5750 0.0000
3.5767 0.0000
3.5783 0.0000
3.5800 0.0000
3.5817 0.0000
3.5833 0.0000
3.5850 0.0000
3.5867 0.0000
3.5883 0.0000
3.5900 0.0000
3.5917 0.0000
3.5933 0.0000
3.5950 0.0000
3.5967 0.0000
3.5983 0.0000
3.6000 0.0000
3.6017 0.0000
3.6033 0.0000
3.6050 0.0000
3.6067 0.0000
3.6083 0.0000
3.6100 0.0000
3.6117 0.0000
3.6133 0.0000
3.6150 0.0000
3.6167 0.0000
3.6183 0.0000
3.6200 0.0000
3.6217 0.0000
3.6233 0.0000
3.6250 0.0000
3.6267 0.0000
3.6283 0.0000
3.6300 0.0000
3.6317 0.0000
3.6333 0.0000
3.6350 0.0000
3.6367 0.0000
3.6383 0.0000
3.6400 0.0000
3.6417 0.0000
3.6433 0.0000
3.6450 0.0000
3.6467 0.0000
3.6483 0.0000
3.6500 0.0000
3.6517 0.0000
3.6533 0.0000
3.6550 0.0000
3.6567 0.0000
3.6583 0.0000
3.6600 0.0000
3.6617 0.0000
3.6633 0.0000
3.6650 0.0000
3.6667 0.0000
3.6683 0.0000
3.6700 0.0000
3.6717 0.0000
3.6733 0.0000
3.6750 0.0000
3.6767 0.0000
3.6783 0.0000
3.6800 0.0000
3.6817 0.0000
3.6833 0.0000
3.6850 0.0000
3.6867 0.0000
3.6883 0.0000
3.6900 0.0000
3.6917 0.0000
3.6933 0.0000
3.6950 0.0000
3.6967 0.0000
3.6983 0.0000
3.7000 0.0000
3.7017 0.0000
3.7033 0.0000
3.7050 0.0000
3.7067 0.0000
3.7083 0.0000
3.7100 0.0000
3.7117 0.0000
3.7133 0.0000
3.7150 0.0000
3.7167 0.0000
3.7183 0.0000
3.7200 0.0000
3.7217 0.0000
3.7233 0.0000
3.7250 0.0000
3.7267 0.0000
3.7283 0.0000
3.7300 0.0000
3.7317 0.0000
3.7333 0.0000
3.7350 0.0000
3.7367 0.0000
3.7383 0.0000
3.7400 0.0000
3.7417 0.0000
3.7433 0.0000
3.7450 0.0000
3.7467 0.0000
3.7483 0.0000
3.7500 0.0000
3.7517 0.0000
3.7533 0.0000
3.7550 0.0000
3.7567 0.0000
3.7583 0.0000
3.7600 0.0000
3.7617 0.0000
3.7633 0.0000
3.7650 0.0000
3.7667 0.0000
3.7683 0.0000
3.7700 0.0000
3.7717 0.0000
3.7733 0.0000
3.7750 0.0000
3.7767 0.0000
3.7783 0.0000
3.7800 0.0000
3.7817 0.0000
3.7833 0.0000
3.7850 0.0000
3.7867 0.0000
3.7883 0.0000
3.7900 0.0000
3.7917 0.0000
3.7933 0.0000
3.7950 0.0000
3.7967 0.0000
3.7983 0.0000
3.8000 0.0000
3.8017 0.0000
3.8033 0.0000
3.8050 0.0000
3.8067 0.0000
3.8083 0.0000
3.8100 0.0000
3.8117 0.0000
3.8133 0.0000
3.8150 0.0000
3.8167 0.0000
3.8183 0.0000
3.8200 0.0000
3.8217 0.0000
3.8233 0.0000
3.8250 0.0000
3.8267 0.0000
3.8283 0.0000
3.8300 0.0000
3.8317 0.0000
3.8333 0.0000
3.8350 0.0000
3.8367 0.0000
3.8383 0.0000
3.8400 0.0000
3.8417 0.0000
3.8433 0.0000
3.8450 0.0000
3.8467 0.0000
3.8483 0.0000
3.8500 0.0000
3.8517 0.0000
3.8533 0.0000
3.8550 0.0000
3.8567 0.0000
3.8583 0.0000
3.8600 0.0000
3.8617 0.0000
3.8633 0.0000
3.8650 0.0000
3.8667 0.0000
3.8683 0.0000
3.8700 0.0000
3.8717 0.0000
3.8733 0.0000
3.8750 0.0000
3.8767 0.0000
3.8783 0.0000
3.8800 0.0000
3.8817 0.0000
3.8833 0.0000
3.8850 0.0000
3.8867 0.0000
3.8883 0.0000
3.8900 0.0000
3.8917 0.0000
3.8933 0.0000
3.8950 0.0000
3.8967 0.0000
3.8983 0.0000
3.9000 0.0000
3.9017 0.0000
3.9033 0.0000
3.9050 0.0000
3.9067 0.0000
3.9083 0.0000
3.9100 0.0000
3.9117 0.0000
3.9133 0.0000
3.9150 0.0000
3.9167 0.0000
3.9183 0.0000
3.9200 0.0000
3.9217 0.0000
3.9233 0.0000
3.9250 0.0000
3.9267 0.0000
3.9283 0.0000
3.9300 0.0000
3.9317 0.0000
3.9333 0.0000
3.9350 0.0000
3.9367 0.0000
3.9383 0.0000
3.9400 0.0000
3.9417 0.0000
3.9433 0.0000
3.9450 0.0000
3.9467 0.0000
3.9483 0.0000
3.9500 0.0000
3.9517 0.0000
3.9533 0.0000
3.9550 0.0000
3.9567 0.0000
3.9583 0.0000
3.9600 0.0000
3.9617 0.0000
3.9633 0.0000
3.9650 0.0000
3.9667 0.0000
3.9683 0.0000
3.9700 0.0000
3.9717 0.0000
3.9733 0.0000
3.9750 0.0000
3.9767 0.0000
3.9783 0.0000
3.9800 0.0000
3.9817 0.0000
3.9833 0.0000
3.9850 0.0000
3.9867 0.0000
3.9883 0.0000
3.9900 0.0000
3.9917 0.0000
3.9933 0.0000
3.9950 0.0000
3.9967 0.0000
3.9983 0.0000
4.0000 0.0000
4.0017 0.0000
4.0033 0.0000
4.0050 0.0000
4.0067 0.0000
4.0083 0.0000
4.0100 0.0000
4.0117 0.0000
4.0133 0.0000
4.0150 0.0000
4.0167 0.0000
4.0183 0.0000
4.0200 0.0000
4.0217 0.0000
4.0233 0.0000
4.0250 0.0000
4.0267 0.0000
4.0283 0.0000
4.0300 0.0000
4.0317 0.0000
4.0333 0.0000
4.0350 0.0000
4.0367 0.0000
4.0383 0.0000
4.0400 0.0000
4.0417 0.0000
4.0433 0.0000
4.0450 0.0000
4.0467 0.0000
4.0483 0.0000
4.0500 0.0000
4.0517 0.0000
4.0533 0.0000
4.0550 0.0000
4.0567 0.0000
4.0583 0.0000
4.0600 0.0000
4.0617 0.0000
4.0633 0.0000
4.0650 0.0000
4.0667 0.0000
4.0683 0.0000
4.0700 0.0000
4.0717 0.0000
4.0733 0.0000
4.0750 0.0000
4.0767 0.0000
4.0783 0.0000
4.0800 0.0000
4.0817 0.0000
4.0833 0.0000
4.0850 0.0000
4.0867 0.0000
4.0883 0.0000
4.0900 0.0000
4.0917 0.0000
4.0933 0.0000
4.0950 0.0000
4.0967 0.0000
4.0983 0.0000
4.1000 0.0000
4.1017 0.0000
4.1033 0.0000
4.1050 0.0000
4.1067 0.0000
4.1083 0.0000
4.1100 0.0000
4.1117 0.0000
4.1133 0.0000
4.1150 0.0000
4.1167 0.0000
4.1183 0.0000
4.1200 0.0000
4.1217 0.0000
4.1233 0.0000
4.1250 0.0000
4.1267 0.0000
4.1283 0.0000
4.1300 0.0000
4.1317 0.0000
4.1333 0.0000
4.1350 0.0000
4.1367 0.0000
4.1383 0.0000
4.1400 0.0000
4.1417 0.0000
4.1433 0.0000
4.1450 0.0000
4.1467 0.0000
4.1483 0.0000
4.1500 0.0000
4.1517 0.0000
4.1533 0.0000
4.1550 0.0000
4.1567 0.0000
4.1583 0.0000
4.1600 0.0000
4.1617 0.0000
4.1633 0.0000
4.1650 0.0000
4.1667 0.0000
4.1683 0.0000
4.1700 0.0000
4.1717 0.0000
4.1733 0.0000
4.1750 0.0000
4.1767 0.0000
4.1783 0.0000
4.1800 0.0000
4.1817 0.0000
4.1833 0.0000
4.1850 0.0000
4.1867 0.0000
4.1883 0.0000
4.1900 0.0000
4.1917 0.0000
4.1933 0.0000
4.1950 0.0000
4.1967 0.0000
4.1983 0.0000
4.2000 0.0000
4.2017 0.0000
4.2033 0.0000
4.2050 0.0000
4.2067 0.0000
4.2083 0.0000
4.2100 0.0000
4.2117 0.0000
4.2133 0.0000
4.2150 0.0000
4.2167 0.0000
4.2183 0.0000
4.2200 0.0000
4.2217 0.0000
4.2233 0.0000
4.2250 0.0000
4.2267 0.0000
4.2283 0.0000
4.2300 0.0000
4.2317 0.0000
4.2333 0.0000
4.2350 0.0000
4.2367 0.0000
4.2383 0.0000
4.2400 0.0000
4.2417 0.0000
4.2433 0.0000
4.2450 0.0000
4.2467 0.0000
4.2483 0.0000
4.2500 0.0000
4.2517 0.0000
4.2533 0.0000
4.2550 0.0000
4.2567 0.0000
4.2583 0.0000
4.2600 0.0000
4.2617 0.0000
4.2633 0.0000
4.2650 0.0000
4.2667 0.0000
4.2683 0.0000
4.2700 0.0000
4.2717 0.0000
4.2733 0.0000
4.2750 0.0000
4.2767 0.0000
4.2783 0.0000
4.2800 0.0000
4.2817 0.0000
4.2833 0.0000
4.2850 0.0000
4.2867 0.0000
4.2883 0.0000
4.2900 0.0000
4.2917 0.0000
4.2933 0.0000
4.2950 0.0000
4.2967 0.0000
4.2983 0.0000
4.3000 0.0000
4.3017 0.0000
4.3033 0.0000
4.3050 0.0000
4.3067 0.0000
4.3083 0.0000
4.3100 0.0000
4.3117 0.0000
4.3133 0.0000
4.3150 0.0000
4.3167 0.0000
4.3183 0.0000
4.3200 0.0000
4.3217 0.0000
4.3233 0.0000
4.3250 0.0000
4.3267 0.0000
4.3283 0.0000
4.3300 0.0000
4.3317 0.0000
4.3333 0.0000
4.3350 0.0000
4.3367 0.0000
4.3383 0.0000
4.3400 0.0000
4.3417 0.0000
4.3433 0.0000
4.3450 0.0000
4.3467 0.0000
4.3483 0.0000
4.3500 0.0000
4.3517 0.0000
4.3533 0.0000
4.3550 0.0000
4.3567 0.0000
4.3583 0.0000
4.3600 0.0000
4.3617 0.0000
4.3633 0.0000
4.3650 0.0000
4.3667 0.0000
4.3683 0.0000
4.3700 0.0000
4.3717 0.0000
4.3733 0.0000
4.3750 0.0000
4.3767 0.0000
4.3783 0.0000
4.3800 0.0000
4.3817 0.0000
4.3833 0.0000
4.3850 0.0000
4.3867 0.0000
4.3883 0.0000
4.3900 0.0000
4.3917 0.0000
4.3933 0.0000
4.3950 0.0000
4.3967 0.0000
4.3983 0.0000
4.4000 0.0000
4.4017 0.0000
4.4033 0.0000
4.4050 0.0000
4.4067 0.0000
4.4083 0.0000
4.4100 0.0000
4.4117 0.0000
4.4133 0.0000
4.4150 0.0000
4.4167 0.0000
4.4183 0.0000
4.4200 0.0000
4.4217 0.0000
4.4233 0.0000
4.4250 0.0000
4.4267 0.0000
4.4283 0.0000
4.4300 0.0000
4.4317 0.0000
4.4333 0.0000
4.4350 0.0000
4.4367 0.0000
4.4383 0.0000
4.4400 0.0000
4.4417 0.0000
4.4433 0.0000
4.4450 0.0000
4.4467 0.0000
4.4483 0.0000
4.4500 0.0000
4.4517 0.0000
4.4533 0.0000
4.4550 0.0000
4.4567 0.0000
4.4583 0.0000
4.4600 0.0000
4.4617 0.0000
4.4633 0.0000
4.4650 0.0000
4.4667 0.0000
4.4683 0.0000
4.4700 0.0000
4.4717 0.0000
4.4733 0.0000
4.4750 0.0000
4.4767 0.0000
4.4783 0.0000
4.4800 0.0000
4.4817 0.0000
4.4833 0.0000
4.4850 0.0000
4.4867 0.0000
4.4883 0.0000
4.4900 0.0000
4.4917 0.0000
4.4933 0.0000
4.4950 0.0000
4.4967 0.0000
4.4983 0.0000
4.5000 0.0000
4.5017 0.0000
4.5033 0.0000
4.5050 0.0000
4.5067 0.0000
4.5083 0.0000
4.5100 0.0000
4.5117 0.0000
4.5133 0.0000
4.5150 0.0000
4.5167 0.0000
4.5183 0.0000
4.5200 0.0000
4.5217 0.0000
4.5233 0.0000
4.5250 0.0000
4.5267 0.0000
4.5283 0.0000
4.5300 0.0000
4.5317 0.0000
4.5333 0.0000
4.5350 0.0000
4.5367 0.0000
4.5383 0.0000
4.5400 0.0000
4.5417 0.0000
4.5433 0.0000
4.5450 0.0000
4.5467 0.0000
4.5483 0.0000
4.5500 0.0000
4.5517 0.0000
4.5533 0.0000
4.5550 0.0000
4.5567 0.0000
4.5583 0.0000
4.5600 0.0000
4.5617 0.0000
4.5633 0.0000
4.5650 0.0000
4.5667 0.0000
4.5683 0.0000
4.5700 0.0000
4.5717 0.0000
4.5733 0.0000
4.5750 0.0000
4.5767 0.0000
4.5783 0.0000
4.5800 0.0000
4.5817 0.0000
4.5833 0.0000
4.5850 0.0000
4.5867 0.0000
4.5883 0.0000
4.5900 0.0000
4.5917 0.0000
4.5933 0.0000
4.5950 0.0000
4.5967 0.0000
4.5983 0.0000
4.6000 0.0000
4.6017 0.0000
4.6033 0.0000
4.6050 0.0000
4.6067 0.0000
4.6083 0.0000
4.6100 0.0000
4.6117 0.0000
4.6133 0.0000
4.6150 0.0000
4.6167 0.0000
4.6183 0.0000
4.6200 0.0000
4.6217 0.0000
4.6233 0.0000
4.6250 0.0000
4.6267 0.0000
4.6283 0.0000
4.6300 0.0000
4.6317 0.0000
4.6333 0.0000
4.6350 0.0000
4.6367 0.0000
4.6383 0.0000
4.6400 0.0000
4.6417 0.0000
4.6433 0.0000
4.6450 0.0000
4.6467 0.0000
4.6483 0.0000
4.6500 0.0000
4.6517 0.0000
4.6533 0.0000
4.6550 0.0000
4.6567 0.0000
4.6583 0.0000
4.6600 0.0000
4.6617 0.0000
4.6633 0.0000
4.6650 0.0000
4.6667 0.0000
4.6683 0.0000
4.6700 0.0000
4.6717 0.0000
4.6733 0.0000
4.6750 0.0000
4.6767 0.0000
4.6783 0.0000
4.6800 0.0000
4.6817 0.0000
4.6833 0.0000
4.6850 0.0000
4.6867 0.0000
4.6883 0.0000
4.6900 0.0000
4.6917 0.0000
4.6933 0.0000
4.6950 0.0000
4.6967 0.0000
4.6983 0.0000
4.7000 0.0000
4.7017 0.0000
4.7033 0.0000
4.7050 0.0000
4.7067 0.0000
4.7083 0.0000
4.7100 0.0000
4.7117 0.0000
4.7133 0.0000
4.7150 0.0000
4.7167 0.0000
4.7183 0.0000
4.7200 0.0000
4.7217 0.0000
4.7233 0.0000
4.7250 0.0000
4.7267 0.0000
4.7283 0.0000
4.7300 0.0000
4.7317 0.0000
4.7333 0.0000
4.7350 0.0000
4.7367 0.0000
4.7383 0.0000
4.7400 0.0000
4.7417 0.0000
4.7433 0.0000
4.7450 0.0000
4.7467 0.0000
4.7483 0.0000
4.7500 0.0000
4.7517 0.0000
4.7533 0.0000
4.7550 0.0000
4.7567 0.0000
4.7583 0.0000
4.7600 0.0000
4.7617 0.0000
4.7633 0.0000
4.7650 0.0000
4.7667 0.0000
4.7683 0.0000
4.7700 0.0000
4.7717 0.0000
4.7733 0.0000
4.7750 0.0000
4.7767 0.0000
4.7783 0.0000
4.7800 0.0000
4.7817 0.0000
4.7833 0.0000
4.7850 0.0000
4.7867 0.0000
4.7883 0.0000
4.7900 0.0000
4.7917 0.0000
4.7933 0.0000
4.7950 0.0000
4.7967 0.0000
4.7983 0.0000
4.8000 0.0000
4.8017 0.0000
4.8033 0.0000
4.8050 0.0000
4.8067 0.0000
4.8083 0.0000
4.8100 0.0000
4.8117 0.0000
4.8133 0.0000
4.8150 0.0000
4.8167 0.0000
4.8183 0.0000
4.8200 0.0000
4.8217 0.0000
4.8233 0.0000
4.8250 0.0000
4.8267 0.0000
4.8283 0.0000
4.8300 0.0000
4.8317 0.0000
4.8333 0.0000
4.8350 0.0000
4.8367 0.0000
4.8383 0.0000
4.8400 0.0000
4.8417 0.0000
4.8433 0.0000
4.8450 0.0000
4.8467 0.0000
4.8483 0.0000
4.8500 0.0000
4.8517 0.0000
4.8533 0.0000
4.8550 0.0000
4.8567 0.0000
4.8583 0.0000
4.8600 0.0000
4.8617 0.0000
4.8633 0.0000
4.8650 0.0000
4.8667 0.0000
4.8683 0.0000
4.8700 0.0000
4.8717 0.0000
4.8733 0.0000
4.8750 0.0000
4.8767 0.0000
4.8783 0.0000
4.8800 0.0000
4.8817 0.0000
4.8833 0.0000
4.8850 0.0000
4.8867 0.0000
4.8883 0.0000
4.8900 0.0000
4.8917 0.0000
4.8933 0.0000
4.8950 0.0000
4.8967 0.0000
4.8983 0.0000
4.9000 0.0000
4.9017 0.0000
4.9033 0.0000
4.9050 0.0000
4.9067 0.0000
4.9083 0.0000
4.9100 0.0000
4.9117 0.0000
4.9133 0.0000
4.9150 0.0000
4.9167 0.0000
4.9183 0.0000
4.9200 0.0000
4.9217 0.0000
4.9233 0.0000
4.9250 0.0000
4.9267 0.0000
4.9283 0.0000
4.9300 0.0000
4.9317 0.0000
4.9333 0.0000
4.9350 0.0000
4.9367 0.0000
4.9383 0.0000
4.9400 0.0000
4.9417 0.0000
4.9433 0.0000
4.9450 0.0000
4.9467 0.0000
4.9483 0.0000
4.9500 0.0000
4.9517 0.0000
4.9533 0.0000
4.9550 0.0000
4.9567 0.0000
4.9583 0.0000
4.9600 0.0000
4.9617 0.0000
4.9633 0.0000
4.9650 0.0000
4.9667 0.0000
4.9683 0.0000
4.9700 0.0000
4.9717 0.0000
4.9733 0.0000
4.9750 0.0000
4.9767 0.0000
4.9783 0.0000
4.9800 0.0000
4.9817 0.0000
4.9833 0.0000
4.9850 0.0000
4.9867 0.0000
4.9883 0.0000
4.9900 0.0000
4.9917 0.0000
4.9933 0.0000
4.9950 0.0000
4.9967 0.0000
4.9983 0.0000
5.0000 0.0000
