12.0 6.210 0.070 -0.0056634
11.5 5.710 0.140 -0.011327
11.0 5.210 0.150 -0.012136
10.5 4.710 0.240 -0.019417
10.4 4.610 0.290 -0.023463
10.3 4.510 0.410 -0.033172
10.2 4.410 0.700 -0.056634
10.1 4.310 1.350 -0.10922
10.0 4.210 2.520 -0.20388
9.90 4.110 4.240 -0.34304
9.80 4.010 6.300 -0.50971
9.70 3.910 8.330 -0.67395
9.60 3.810 10.05 -0.81311
9.50 3.710 11.20 -0.90615
9.40 3.610 11.84 -0.95793
9.30 3.510 12.15 -0.98301
9.20 3.410 12.28 -0.99353
9.10 3.310 12.33 -0.99757
9.00 3.210 12.36 -1.0000
8.90 3.110 12.38 -1.0016
8.80 3.010 12.39 -1.0024
8.70 2.910 12.38 -1.0016
8.60 2.810 12.38 -1.0016
8.50 2.710 12.39 -1.0024
8.40 2.610 12.39 -1.0024
8.30 2.510 12.39 -1.0024
8.20 2.410 12.38 -1.0016
8.10 2.310 12.38 -1.0016
8.00 2.210 12.38 -1.0016
7.90 2.110 12.38 -1.0016
7.80 2.010 12.37 -1.0008
7.70 1.910 12.37 -1.0008
7.60 1.810 12.36 -1.0000
7.50 1.710 12.36 -1.0000
7.40 1.610 12.35 -0.99919
7.30 1.510 12.35 -0.99919
7.20 1.410 12.34 -0.99838
7.10 1.310 12.33 -0.99757
7.00 1.210 12.32 -0.99676
6.90 1.110 12.29 -0.99434
6.80 1.010 12.25 -0.9911
6.70 0.910 12.19 -0.98625
6.60 0.810 12.08 -0.97735
6.50 0.710 11.86 -0.95955
6.40 0.610 11.46 -0.92718
6.30 0.510 10.78 -0.87217
6.20 0.410 9.660 -0.78155
6.10 0.310 7.880 -0.63754
6.00 0.210 5.430 -0.43932
5.90 0.110 2.880 -0.23301
5.80 0.010 0.360 -0.029126
5.70 -0.090 -2.130 0.17233
5.60 -0.190 -4.690 0.37945
5.50 -0.290 -7.150 0.57848
5.40 -0.390 -9.160 0.7411
5.30 -0.490 -10.46 0.84628
5.20 -0.590 -11.28 0.91262
5.10 -0.690 -11.74 0.94984
5.00 -0.790 -12.00 0.97087
4.90 -0.890 -12.15 0.98301
4.80 -0.990 -12.22 0.98867
4.70 -1.090 -12.25 0.9911
4.60 -1.190 -12.26 0.99191
4.50 -1.290 -12.27 0.99272
4.40 -1.390 -12.28 0.99353
4.30 -1.490 -12.28 0.99353
4.20 -1.590 -12.28 0.99353
4.10 -1.690 -12.27 0.99272
4.00 -1.790 -12.27 0.99272
3.90 -1.890 -12.26 0.99191
3.80 -1.990 -12.26 0.99191
3.70 -2.090 -12.26 0.99191
3.60 -2.190 -12.26 0.99191
3.50 -2.290 -12.26 0.99191
3.40 -2.390 -12.26 0.99191
3.30 -2.490 -12.26 0.99191
3.20 -2.590 -12.26 0.99191
3.10 -2.690 -12.26 0.99191
3.00 -2.790 -12.25 0.9911
2.90 -2.890 -12.24 0.99029
2.80 -2.990 -12.33 0.99757
2.70 -3.090 -12.22 0.98867
2.60 -3.190 -12.20 0.98706
2.50 -3.290 -12.18 0.98544
2.40 -3.390 -12.18 0.98544
2.00 -3.790 -10.35 0.83738
1.90 -3.890 -8.780 0.71036
1.80 -3.990 -6.860 0.55502
1.70 -4.090 -4.800 0.38835
1.60 -4.190 -2.960 0.23948
1.50 -4.290 -1.630 0.13188
1.40 -4.390 -0.850 0.06877
1.30 -4.490 -0.450 0.036408
1.20 -4.590 -0.280 0.022654
1.10 -4.690 -0.210 0.01699
1.00 -4.790 -0.180 0.014563
