0.0000 0.0000
0.0021 0.0000
0.0042 0.0000
0.0063 0.0001
0.0083 0.0001
0.0104 0.0001
0.0125 0.0002
0.0146 0.0002
0.0167 0.0003
0.0187 0.0005
0.0208 0.0007
0.0229 0.0015
0.0250 0.6413
0.0271 0.0017
0.0292 0.0009
0.0312 0.0006
0.0333 0.0004
0.0354 0.0004
0.0375 0.0003
0.0396 0.0003
0.0417 0.0002
0.0437 0.0002
0.0458 0.0002
0.0479 0.0002
0.0500 0.0001
0.0521 0.0001
0.0542 0.0001
0.0563 0.0001
0.0583 0.0001
0.0604 0.0001
0.0625 0.0001
0.0646 0.0000
0.0667 0.0000
0.0688 0.0000
0.0708 0.0001
0.0729 0.0003
0.0750 0.0553
0.0771 0.0005
0.0792 0.0003
0.0813 0.0002
0.0833 0.0002
0.0854 0.0002
0.0875 0.0002
0.0896 0.0001
0.0917 0.0001
0.0938 0.0001
0.0958 0.0001
0.0979 0.0001
0.1000 0.0001
0.1021 0.0001
0.1042 0.0001
0.1062 0.0001
0.1083 0.0001
0.1104 0.0001
0.1125 0.0001
0.1146 0.0001
0.1167 0.0001
0.1187 0.0001
0.1208 0.0001
0.1229 0.0000
0.1250 0.0047
0.1271 0.0001
0.1292 0.0001
0.1313 0.0001
0.1333 0.0001
0.1354 0.0001
0.1375 0.0001
0.1396 0.0001
0.1417 0.0001
0.1437 0.0001
0.1458 0.0001
0.1479 0.0001
0.1500 0.0001
0.1521 0.0001
0.1542 0.0001
0.1562 0.0001
0.1583 0.0001
0.1604 0.0001
0.1625 0.0001
0.1646 0.0001
0.1667 0.0001
0.1688 0.0001
0.1708 0.0001
0.1729 0.0000
0.1750 0.0003
0.1771 0.0001
0.1792 0.0001
0.1812 0.0001
0.1833 0.0001
0.1854 0.0001
0.1875 0.0001
0.1896 0.0000
0.1917 0.0000
0.1938 0.0000
0.1958 0.0000
0.1979 0.0000
0.2000 0.0000
0.2021 0.0000
0.2042 0.0000
0.2062 0.0000
0.2083 0.0000
0.2104 0.0000
0.2125 0.0000
0.2146 0.0000
0.2167 0.0000
0.2188 0.0000
0.2208 0.0000
0.2229 0.0000
0.2250 0.0000
0.2271 0.0000
0.2292 0.0000
0.2312 0.0000
0.2333 0.0000
0.2354 0.0000
0.2375 0.0000
0.2396 0.0000
0.2417 0.0000
0.2437 0.0000
0.2458 0.0000
0.2479 0.0000
0.2500 0.0000
0.2521 0.0000
0.2542 0.0000
0.2562 0.0000
0.2583 0.0000
0.2604 0.0000
0.2625 0.0000
0.2646 0.0000
0.2667 0.0000
0.2687 0.0000
0.2708 0.0000
0.2729 0.0000
0.2750 0.0000
0.2771 0.0000
0.2792 0.0000
0.2812 0.0000
0.2833 0.0000
0.2854 0.0000
0.2875 0.0000
0.2896 0.0000
0.2917 0.0000
0.2938 0.0000
0.2958 0.0000
0.2979 0.0000
0.3000 0.0000
0.3021 0.0000
0.3042 0.0000
0.3063 0.0000
0.3083 0.0000
0.3104 0.0000
0.3125 0.0000
0.3146 0.0000
0.3167 0.0000
0.3187 0.0000
0.3208 0.0000
0.3229 0.0000
0.3250 0.0000
0.3271 0.0000
0.3292 0.0000
0.3312 0.0000
0.3333 0.0000
0.3354 0.0000
0.3375 0.0000
0.3396 0.0000
0.3417 0.0000
0.3438 0.0000
0.3458 0.0000
0.3479 0.0000
0.3500 0.0000
0.3521 0.0000
0.3542 0.0000
0.3563 0.0000
0.3583 0.0000
0.3604 0.0000
0.3625 0.0000
0.3646 0.0000
0.3667 0.0000
0.3688 0.0000
0.3708 0.0000
0.3729 0.0000
0.3750 0.0000
0.3771 0.0000
0.3792 0.0000
0.3812 0.0000
0.3833 0.0000
0.3854 0.0000
0.3875 0.0000
0.3896 0.0000
0.3917 0.0000
0.3937 0.0000
0.3958 0.0000
0.3979 0.0000
0.4000 0.0000
0.4021 0.0000
0.4042 0.0000
0.4062 0.0000
0.4083 0.0000
0.4104 0.0000
0.4125 0.0000
0.4146 0.0000
0.4167 0.0000
0.4188 0.0000
0.4208 0.0000
0.4229 0.0000
0.4250 0.0000
0.4271 0.0000
0.4292 0.0000
0.4312 0.0000
0.4333 0.0000
0.4354 0.0000
0.4375 0.0000
0.4396 0.0000
0.4417 0.0000
0.4437 0.0000
0.4458 0.0000
0.4479 0.0000
0.4500 0.0000
0.4521 0.0000
0.4542 0.0000
0.4562 0.0000
0.4583 0.0000
0.4604 0.0000
0.4625 0.0000
0.4646 0.0000
0.4667 0.0000
0.4688 0.0000
0.4708 0.0000
0.4729 0.0000
0.4750 0.0000
0.4771 0.0000
0.4792 0.0000
0.4813 0.0000
0.4833 0.0000
0.4854 0.0000
0.4875 0.0000
0.4896 0.0000
0.4917 0.0000
0.4937 0.0000
0.4958 0.0000
0.4979 0.0000
0.5000 0.0000
0.5021 0.0000
0.5042 0.0000
0.5062 0.0000
0.5083 0.0000
0.5104 0.0000
0.5125 0.0000
0.5146 0.0000
0.5167 0.0000
0.5188 0.0000
0.5208 0.0000
0.5229 0.0000
0.5250 0.0000
0.5271 0.0000
0.5292 0.0000
0.5312 0.0000
0.5333 0.0000
0.5354 0.0000
0.5375 0.0000
0.5396 0.0000
0.5417 0.0000
0.5437 0.0000
0.5458 0.0000
0.5479 0.0000
0.5500 0.0000
0.5521 0.0000
0.5542 0.0000
0.5563 0.0000
0.5583 0.0000
0.5604 0.0000
0.5625 0.0000
0.5646 0.0000
0.5667 0.0000
0.5687 0.0000
0.5708 0.0000
0.5729 0.0000
0.5750 0.0000
0.5771 0.0000
0.5792 0.0000
0.5813 0.0000
0.5833 0.0000
0.5854 0.0000
0.5875 0.0000
0.5896 0.0000
0.5917 0.0000
0.5938 0.0000
0.5958 0.0000
0.5979 0.0000
0.6000 0.0000
0.6021 0.0000
0.6042 0.0000
0.6062 0.0000
0.6083 0.0000
0.6104 0.0000
0.6125 0.0000
0.6146 0.0000
0.6167 0.0000
0.6188 0.0000
0.6208 0.0000
0.6229 0.0000
0.6250 0.0000
0.6271 0.0000
0.6292 0.0000
0.6312 0.0000
0.6333 0.0000
0.6354 0.0000
0.6375 0.0000
0.6396 0.0000
0.6417 0.0000
0.6438 0.0000
0.6458 0.0000
0.6479 0.0000
0.6500 0.0000
0.6521 0.0000
0.6542 0.0000
0.6562 0.0000
0.6583 0.0000
0.6604 0.0000
0.6625 0.0000
0.6646 0.0000
0.6667 0.0000
0.6687 0.0000
0.6708 0.0000
0.6729 0.0000
0.6750 0.0000
0.6771 0.0000
0.6792 0.0000
0.6813 0.0000
0.6833 0.0000
0.6854 0.0000
0.6875 0.0000
0.6896 0.0000
0.6917 0.0000
0.6937 0.0000
0.6958 0.0000
0.6979 0.0000
0.7000 0.0000
0.7021 0.0000
0.7042 0.0000
0.7063 0.0000
0.7083 0.0000
0.7104 0.0000
0.7125 0.0000
0.7146 0.0000
0.7167 0.0000
0.7188 0.0000
0.7208 0.0000
0.7229 0.0000
0.7250 0.0000
0.7271 0.0000
0.7292 0.0000
0.7312 0.0000
0.7333 0.0000
0.7354 0.0000
0.7375 0.0000
0.7396 0.0000
0.7417 0.0000
0.7438 0.0000
0.7458 0.0000
0.7479 0.0000
0.7500 0.0000
0.7521 0.0000
0.7542 0.0000
0.7562 0.0000
0.7583 0.0000
0.7604 0.0000
0.7625 0.0000
0.7646 0.0000
0.7667 0.0000
0.7688 0.0000
0.7708 0.0000
0.7729 0.0000
0.7750 0.0000
0.7771 0.0000
0.7792 0.0000
0.7812 0.0000
0.7833 0.0000
0.7854 0.0000
0.7875 0.0000
0.7896 0.0000
0.7917 0.0000
0.7937 0.0000
0.7958 0.0000
0.7979 0.0000
0.8000 0.0000
0.8021 0.0000
0.8042 0.0000
0.8063 0.0000
0.8083 0.0000
0.8104 0.0000
0.8125 0.0000
0.8146 0.0000
0.8167 0.0000
0.8187 0.0000
0.8208 0.0000
0.8229 0.0000
0.8250 0.0000
0.8271 0.0000
0.8292 0.0000
0.8312 0.0000
0.8333 0.0000
0.8354 0.0000
0.8375 0.0000
0.8396 0.0000
0.8417 0.0000
0.8438 0.0000
0.8458 0.0000
0.8479 0.0000
0.8500 0.0000
0.8521 0.0000
0.8542 0.0000
0.8562 0.0000
0.8583 0.0000
0.8604 0.0000
0.8625 0.0000
0.8646 0.0000
0.8667 0.0000
0.8688 0.0000
0.8708 0.0000
0.8729 0.0000
0.8750 0.0000
0.8771 0.0000
0.8792 0.0000
0.8812 0.0000
0.8833 0.0000
0.8854 0.0000
0.8875 0.0000
0.8896 0.0000
0.8917 0.0000
0.8937 0.0000
0.8958 0.0000
0.8979 0.0000
0.9000 0.0000
0.9021 0.0000
0.9042 0.0000
0.9062 0.0000
0.9083 0.0000
0.9104 0.0000
0.9125 0.0000
0.9146 0.0000
0.9167 0.0000
0.9187 0.0000
0.9208 0.0000
0.9229 0.0000
0.9250 0.0000
0.9271 0.0000
0.9292 0.0000
0.9313 0.0000
0.9333 0.0000
0.9354 0.0000
0.9375 0.0000
0.9396 0.0000
0.9417 0.0000
0.9437 0.0000
0.9458 0.0000
0.9479 0.0000
0.9500 0.0000
0.9521 0.0000
0.9542 0.0000
0.9562 0.0000
0.9583 0.0000
0.9604 0.0000
0.9625 0.0000
0.9646 0.0000
0.9667 0.0000
0.9688 0.0000
0.9708 0.0000
0.9729 0.0000
0.9750 0.0000
0.9771 0.0000
0.9792 0.0000
0.9812 0.0000
0.9833 0.0000
0.9854 0.0000
0.9875 0.0000
0.9896 0.0000
0.9917 0.0000
0.9938 0.0000
0.9958 0.0000
0.9979 0.0000
1.0000 0.0000
1.0021 0.0000
1.0042 0.0000
1.0063 0.0000
1.0083 0.0000
1.0104 0.0000
1.0125 0.0000
1.0146 0.0000
1.0167 0.0000
1.0188 0.0000
1.0208 0.0000
1.0229 0.0000
1.0250 0.0000
1.0271 0.0000
1.0292 0.0000
1.0312 0.0000
1.0333 0.0000
1.0354 0.0000
1.0375 0.0000
1.0396 0.0000
1.0417 0.0000
1.0437 0.0000
1.0458 0.0000
1.0479 0.0000
1.0500 0.0000
1.0521 0.0000
1.0542 0.0000
1.0562 0.0000
1.0583 0.0000
1.0604 0.0000
1.0625 0.0000
1.0646 0.0000
1.0667 0.0000
1.0688 0.0000
1.0708 0.0000
1.0729 0.0000
1.0750 0.0000
1.0771 0.0000
1.0792 0.0000
1.0813 0.0000
1.0833 0.0000
1.0854 0.0000
1.0875 0.0000
1.0896 0.0000
1.0917 0.0000
1.0938 0.0000
1.0958 0.0000
1.0979 0.0000
1.1000 0.0000
1.1021 0.0000
1.1042 0.0000
1.1062 0.0000
1.1083 0.0000
1.1104 0.0000
1.1125 0.0000
1.1146 0.0000
1.1167 0.0000
1.1187 0.0000
1.1208 0.0000
1.1229 0.0000
1.1250 0.0000
1.1271 0.0000
1.1292 0.0000
1.1313 0.0000
1.1333 0.0000
1.1354 0.0000
1.1375 0.0000
1.1396 0.0000
1.1417 0.0000
1.1438 0.0000
1.1458 0.0000
1.1479 0.0000
1.1500 0.0000
1.1521 0.0000
1.1542 0.0000
1.1562 0.0000
1.1583 0.0000
1.1604 0.0000
1.1625 0.0000
1.1646 0.0000
1.1667 0.0000
1.1687 0.0000
1.1708 0.0000
1.1729 0.0000
1.1750 0.0000
1.1771 0.0000
1.1792 0.0000
1.1812 0.0000
1.1833 0.0000
1.1854 0.0000
1.1875 0.0000
1.1896 0.0000
1.1917 0.0000
1.1938 0.0000
1.1958 0.0000
1.1979 0.0000
1.2000 0.0000
1.2021 0.0000
1.2042 0.0000
1.2063 0.0000
1.2083 0.0000
1.2104 0.0000
1.2125 0.0000
1.2146 0.0000
1.2167 0.0000
1.2188 0.0000
1.2208 0.0000
1.2229 0.0000
1.2250 0.0000
1.2271 0.0000
1.2292 0.0000
1.2312 0.0000
1.2333 0.0000
1.2354 0.0000
1.2375 0.0000
1.2396 0.0000
1.2417 0.0000
1.2437 0.0000
1.2458 0.0000
1.2479 0.0000
1.2500 0.0000
1.2521 0.0000
1.2542 0.0000
1.2563 0.0000
1.2583 0.0000
1.2604 0.0000
1.2625 0.0000
1.2646 0.0000
1.2667 0.0000
1.2688 0.0000
1.2708 0.0000
1.2729 0.0000
1.2750 0.0000
1.2771 0.0000
1.2792 0.0000
1.2812 0.0000
1.2833 0.0000
1.2854 0.0000
1.2875 0.0000
1.2896 0.0000
1.2917 0.0000
1.2937 0.0000
1.2958 0.0000
1.2979 0.0000
1.3000 0.0000
1.3021 0.0000
1.3042 0.0000
1.3062 0.0000
1.3083 0.0000
1.3104 0.0000
1.3125 0.0000
1.3146 0.0000
1.3167 0.0000
1.3188 0.0000
1.3208 0.0000
1.3229 0.0000
1.3250 0.0000
1.3271 0.0000
1.3292 0.0000
1.3313 0.0000
1.3333 0.0000
1.3354 0.0000
1.3375 0.0000
1.3396 0.0000
1.3417 0.0000
1.3438 0.0000
1.3458 0.0000
1.3479 0.0000
1.3500 0.0000
1.3521 0.0000
1.3542 0.0000
1.3562 0.0000
1.3583 0.0000
1.3604 0.0000
1.3625 0.0000
1.3646 0.0000
1.3667 0.0000
1.3687 0.0000
1.3708 0.0000
1.3729 0.0000
1.3750 0.0000
1.3771 0.0000
1.3792 0.0000
1.3813 0.0000
1.3833 0.0000
1.3854 0.0000
1.3875 0.0000
1.3896 0.0000
1.3917 0.0000
1.3938 0.0000
1.3958 0.0000
1.3979 0.0000
1.4000 0.0000
1.4021 0.0000
1.4042 0.0000
1.4062 0.0000
1.4083 0.0000
1.4104 0.0000
1.4125 0.0000
1.4146 0.0000
1.4167 0.0000
1.4187 0.0000
1.4208 0.0000
1.4229 0.0000
1.4250 0.0000
1.4271 0.0000
1.4292 0.0000
1.4312 0.0000
1.4333 0.0000
1.4354 0.0000
1.4375 0.0000
1.4396 0.0000
1.4417 0.0000
1.4438 0.0000
1.4458 0.0000
1.4479 0.0000
1.4500 0.0000
1.4521 0.0000
1.4542 0.0000
1.4563 0.0000
1.4583 0.0000
1.4604 0.0000
1.4625 0.0000
1.4646 0.0000
1.4667 0.0000
1.4688 0.0000
1.4708 0.0000
1.4729 0.0000
1.4750 0.0000
1.4771 0.0000
1.4792 0.0000
1.4812 0.0000
1.4833 0.0000
1.4854 0.0000
1.4875 0.0000
1.4896 0.0000
1.4917 0.0000
1.4937 0.0000
1.4958 0.0000
1.4979 0.0000
1.5000 0.0000
1.5021 0.0000
1.5042 0.0000
1.5063 0.0000
1.5083 0.0000
1.5104 0.0000
1.5125 0.0000
1.5146 0.0000
1.5167 0.0000
1.5188 0.0000
1.5208 0.0000
1.5229 0.0000
1.5250 0.0000
1.5271 0.0000
1.5292 0.0000
1.5312 0.0000
1.5333 0.0000
1.5354 0.0000
1.5375 0.0000
1.5396 0.0000
1.5417 0.0000
1.5437 0.0000
1.5458 0.0000
1.5479 0.0000
1.5500 0.0000
1.5521 0.0000
1.5542 0.0000
1.5562 0.0000
1.5583 0.0000
1.5604 0.0000
1.5625 0.0000
1.5646 0.0000
1.5667 0.0000
1.5688 0.0000
1.5708 0.0000
1.5729 0.0000
1.5750 0.0000
1.5771 0.0000
1.5792 0.0000
1.5813 0.0000
1.5833 0.0000
1.5854 0.0000
1.5875 0.0000
1.5896 0.0000
1.5917 0.0000
1.5938 0.0000
1.5958 0.0000
1.5979 0.0000
1.6000 0.0000
1.6021 0.0000
1.6042 0.0000
1.6062 0.0000
1.6083 0.0000
1.6104 0.0000
1.6125 0.0000
1.6146 0.0000
1.6167 0.0000
1.6187 0.0000
1.6208 0.0000
1.6229 0.0000
1.6250 0.0000
1.6271 0.0000
1.6292 0.0000
1.6312 0.0000
1.6333 0.0000
1.6354 0.0000
1.6375 0.0000
1.6396 0.0000
1.6417 0.0000
1.6438 0.0000
1.6458 0.0000
1.6479 0.0000
1.6500 0.0000
1.6521 0.0000
1.6542 0.0000
1.6562 0.0000
1.6583 0.0000
1.6604 0.0000
1.6625 0.0000
1.6646 0.0000
1.6667 0.0000
1.6687 0.0000
1.6708 0.0000
1.6729 0.0000
1.6750 0.0000
1.6771 0.0000
1.6792 0.0000
1.6812 0.0000
1.6833 0.0000
1.6854 0.0000
1.6875 0.0000
1.6896 0.0000
1.6917 0.0000
1.6937 0.0000
1.6958 0.0000
1.6979 0.0000
1.7000 0.0000
1.7021 0.0000
1.7042 0.0000
1.7063 0.0000
1.7083 0.0000
1.7104 0.0000
1.7125 0.0000
1.7146 0.0000
1.7167 0.0000
1.7188 0.0000
1.7208 0.0000
1.7229 0.0000
1.7250 0.0000
1.7271 0.0000
1.7292 0.0000
1.7312 0.0000
1.7333 0.0000
1.7354 0.0000
1.7375 0.0000
1.7396 0.0000
1.7417 0.0000
1.7437 0.0000
1.7458 0.0000
1.7479 0.0000
1.7500 0.0000
1.7521 0.0000
1.7542 0.0000
1.7562 0.0000
1.7583 0.0000
1.7604 0.0000
1.7625 0.0000
1.7646 0.0000
1.7667 0.0000
1.7688 0.0000
1.7708 0.0000
1.7729 0.0000
1.7750 0.0000
1.7771 0.0000
1.7792 0.0000
1.7812 0.0000
1.7833 0.0000
1.7854 0.0000
1.7875 0.0000
1.7896 0.0000
1.7917 0.0000
1.7937 0.0000
1.7958 0.0000
1.7979 0.0000
1.8000 0.0000
1.8021 0.0000
1.8042 0.0000
1.8062 0.0000
1.8083 0.0000
1.8104 0.0000
1.8125 0.0000
1.8146 0.0000
1.8167 0.0000
1.8187 0.0000
1.8208 0.0000
1.8229 0.0000
1.8250 0.0000
1.8271 0.0000
1.8292 0.0000
1.8313 0.0000
1.8333 0.0000
1.8354 0.0000
1.8375 0.0000
1.8396 0.0000
1.8417 0.0000
1.8438 0.0000
1.8458 0.0000
1.8479 0.0000
1.8500 0.0000
1.8521 0.0000
1.8542 0.0000
1.8562 0.0000
1.8583 0.0000
1.8604 0.0000
1.8625 0.0000
1.8646 0.0000
1.8667 0.0000
1.8687 0.0000
1.8708 0.0000
1.8729 0.0000
1.8750 0.0000
1.8771 0.0000
1.8792 0.0000
1.8812 0.0000
1.8833 0.0000
1.8854 0.0000
1.8875 0.0000
1.8896 0.0000
1.8917 0.0000
1.8938 0.0000
1.8958 0.0000
1.8979 0.0000
1.9000 0.0000
1.9021 0.0000
1.9042 0.0000
1.9062 0.0000
1.9083 0.0000
1.9104 0.0000
1.9125 0.0000
1.9146 0.0000
1.9167 0.0000
1.9187 0.0000
1.9208 0.0000
1.9229 0.0000
1.9250 0.0000
1.9271 0.0000
1.9292 0.0000
1.9312 0.0000
1.9333 0.0000
1.9354 0.0000
1.9375 0.0000
1.9396 0.0000
1.9417 0.0000
1.9437 0.0000
1.9458 0.0000
1.9479 0.0000
1.9500 0.0000
1.9521 0.0000
1.9542 0.0000
1.9563 0.0000
1.9583 0.0000
1.9604 0.0000
1.9625 0.0000
1.9646 0.0000
1.9667 0.0000
1.9688 0.0000
1.9708 0.0000
1.9729 0.0000
1.9750 0.0000
1.9771 0.0000
1.9792 0.0000
1.9812 0.0000
1.9833 0.0000
1.9854 0.0000
1.9875 0.0000
1.9896 0.0000
1.9917 0.0000
1.9937 0.0000
1.9958 0.0000
1.9979 0.0000
2.0000 0.0000
2.0021 0.0000
2.0042 0.0000
2.0063 0.0000
2.0083 0.0000
2.0104 0.0000
2.0125 0.0000
2.0146 0.0000
2.0167 0.0000
2.0187 0.0000
2.0208 0.0000
2.0229 0.0000
2.0250 0.0000
2.0271 0.0000
2.0292 0.0000
2.0312 0.0000
2.0333 0.0000
2.0354 0.0000
2.0375 0.0000
2.0396 0.0000
2.0417 0.0000
2.0438 0.0000
2.0458 0.0000
2.0479 0.0000
2.0500 0.0000
2.0521 0.0000
2.0542 0.0000
2.0562 0.0000
2.0583 0.0000
2.0604 0.0000
2.0625 0.0000
2.0646 0.0000
2.0667 0.0000
2.0688 0.0000
2.0708 0.0000
2.0729 0.0000
2.0750 0.0000
2.0771 0.0000
2.0792 0.0000
2.0812 0.0000
2.0833 0.0000
2.0854 0.0000
2.0875 0.0000
2.0896 0.0000
2.0917 0.0000
2.0938 0.0000
2.0958 0.0000
2.0979 0.0000
2.1000 0.0000
2.1021 0.0000
2.1042 0.0000
2.1063 0.0000
2.1083 0.0000
2.1104 0.0000
2.1125 0.0000
2.1146 0.0000
2.1167 0.0000
2.1187 0.0000
2.1208 0.0000
2.1229 0.0000
2.1250 0.0000
2.1271 0.0000
2.1292 0.0000
2.1313 0.0000
2.1333 0.0000
2.1354 0.0000
2.1375 0.0000
2.1396 0.0000
2.1417 0.0000
2.1437 0.0000
2.1458 0.0000
2.1479 0.0000
2.1500 0.0000
2.1521 0.0000
2.1542 0.0000
2.1562 0.0000
2.1583 0.0000
2.1604 0.0000
2.1625 0.0000
2.1646 0.0000
2.1667 0.0000
2.1688 0.0000
2.1708 0.0000
2.1729 0.0000
2.1750 0.0000
2.1771 0.0000
2.1792 0.0000
2.1812 0.0000
2.1833 0.0000
2.1854 0.0000
2.1875 0.0000
2.1896 0.0000
2.1917 0.0000
2.1938 0.0000
2.1958 0.0000
2.1979 0.0000
2.2000 0.0000
2.2021 0.0000
2.2042 0.0000
2.2062 0.0000
2.2083 0.0000
2.2104 0.0000
2.2125 0.0000
2.2146 0.0000
2.2167 0.0000
2.2188 0.0000
2.2208 0.0000
2.2229 0.0000
2.2250 0.0000
2.2271 0.0000
2.2292 0.0000
2.2313 0.0000
2.2333 0.0000
2.2354 0.0000
2.2375 0.0000
2.2396 0.0000
2.2417 0.0000
2.2437 0.0000
2.2458 0.0000
2.2479 0.0000
2.2500 0.0000
2.2521 0.0000
2.2542 0.0000
2.2563 0.0000
2.2583 0.0000
2.2604 0.0000
2.2625 0.0000
2.2646 0.0000
2.2667 0.0000
2.2687 0.0000
2.2708 0.0000
2.2729 0.0000
2.2750 0.0000
2.2771 0.0000
2.2792 0.0000
2.2812 0.0000
2.2833 0.0000
2.2854 0.0000
2.2875 0.0000
2.2896 0.0000
2.2917 0.0000
2.2938 0.0000
2.2958 0.0000
2.2979 0.0000
2.3000 0.0000
2.3021 0.0000
2.3042 0.0000
2.3062 0.0000
2.3083 0.0000
2.3104 0.0000
2.3125 0.0000
2.3146 0.0000
2.3167 0.0000
2.3188 0.0000
2.3208 0.0000
2.3229 0.0000
2.3250 0.0000
2.3271 0.0000
2.3292 0.0000
2.3312 0.0000
2.3333 0.0000
2.3354 0.0000
2.3375 0.0000
2.3396 0.0000
2.3417 0.0000
2.3438 0.0000
2.3458 0.0000
2.3479 0.0000
2.3500 0.0000
2.3521 0.0000
2.3542 0.0000
2.3563 0.0000
2.3583 0.0000
2.3604 0.0000
2.3625 0.0000
2.3646 0.0000
2.3667 0.0000
2.3687 0.0000
2.3708 0.0000
2.3729 0.0000
2.3750 0.0000
2.3771 0.0000
2.3792 0.0000
2.3813 0.0000
2.3833 0.0000
2.3854 0.0000
2.3875 0.0000
2.3896 0.0000
2.3917 0.0000
2.3937 0.0000
2.3958 0.0000
2.3979 0.0000
2.4000 0.0000
2.4021 0.0000
2.4042 0.0000
2.4062 0.0000
2.4083 0.0000
2.4104 0.0000
2.4125 0.0000
2.4146 0.0000
2.4167 0.0000
2.4188 0.0000
2.4208 0.0000
2.4229 0.0000
2.4250 0.0000
2.4271 0.0000
2.4292 0.0000
2.4312 0.0000
2.4333 0.0000
2.4354 0.0000
2.4375 0.0000
2.4396 0.0000
2.4417 0.0000
2.4438 0.0000
2.4458 0.0000
2.4479 0.0000
2.4500 0.0000
2.4521 0.0000
2.4542 0.0000
2.4562 0.0000
2.4583 0.0000
2.4604 0.0000
2.4625 0.0000
2.4646 0.0000
2.4667 0.0000
2.4688 0.0000
2.4708 0.0000
2.4729 0.0000
2.4750 0.0000
2.4771 0.0000
2.4792 0.0000
2.4813 0.0000
2.4833 0.0000
2.4854 0.0000
2.4875 0.0000
2.4896 0.0000
2.4917 0.0000
2.4937 0.0000
2.4958 0.0000
2.4979 0.0000
2.5000 0.0000
2.5021 0.0000
2.5042 0.0000
2.5063 0.0000
2.5083 0.0000
2.5104 0.0000
2.5125 0.0000
2.5146 0.0000
2.5167 0.0000
2.5187 0.0000
2.5208 0.0000
2.5229 0.0000
2.5250 0.0000
2.5271 0.0000
2.5292 0.0000
2.5312 0.0000
2.5333 0.0000
2.5354 0.0000
2.5375 0.0000
2.5396 0.0000
2.5417 0.0000
2.5438 0.0000
2.5458 0.0000
2.5479 0.0000
2.5500 0.0000
2.5521 0.0000
2.5542 0.0000
2.5562 0.0000
2.5583 0.0000
2.5604 0.0000
2.5625 0.0000
2.5646 0.0000
2.5667 0.0000
2.5688 0.0000
2.5708 0.0000
2.5729 0.0000
2.5750 0.0000
2.5771 0.0000
2.5792 0.0000
2.5812 0.0000
2.5833 0.0000
2.5854 0.0000
2.5875 0.0000
2.5896 0.0000
2.5917 0.0000
2.5938 0.0000
2.5958 0.0000
2.5979 0.0000
2.6000 0.0000
2.6021 0.0000
2.6042 0.0000
2.6063 0.0000
2.6083 0.0000
2.6104 0.0000
2.6125 0.0000
2.6146 0.0000
2.6167 0.0000
2.6187 0.0000
2.6208 0.0000
2.6229 0.0000
2.6250 0.0000
2.6271 0.0000
2.6292 0.0000
2.6313 0.0000
2.6333 0.0000
2.6354 0.0000
2.6375 0.0000
2.6396 0.0000
2.6417 0.0000
2.6437 0.0000
2.6458 0.0000
2.6479 0.0000
2.6500 0.0000
2.6521 0.0000
2.6542 0.0000
2.6562 0.0000
2.6583 0.0000
2.6604 0.0000
2.6625 0.0000
2.6646 0.0000
2.6667 0.0000
2.6688 0.0000
2.6708 0.0000
2.6729 0.0000
2.6750 0.0000
2.6771 0.0000
2.6792 0.0000
2.6812 0.0000
2.6833 0.0000
2.6854 0.0000
2.6875 0.0000
2.6896 0.0000
2.6917 0.0000
2.6938 0.0000
2.6958 0.0000
2.6979 0.0000
2.7000 0.0000
2.7021 0.0000
2.7042 0.0000
2.7062 0.0000
2.7083 0.0000
2.7104 0.0000
2.7125 0.0000
2.7146 0.0000
2.7167 0.0000
2.7188 0.0000
2.7208 0.0000
2.7229 0.0000
2.7250 0.0000
2.7271 0.0000
2.7292 0.0000
2.7313 0.0000
2.7333 0.0000
2.7354 0.0000
2.7375 0.0000
2.7396 0.0000
2.7417 0.0000
2.7437 0.0000
2.7458 0.0000
2.7479 0.0000
2.7500 0.0000
2.7521 0.0000
2.7542 0.0000
2.7563 0.0000
2.7583 0.0000
2.7604 0.0000
2.7625 0.0000
2.7646 0.0000
2.7667 0.0000
2.7687 0.0000
2.7708 0.0000
2.7729 0.0000
2.7750 0.0000
2.7771 0.0000
2.7792 0.0000
2.7812 0.0000
2.7833 0.0000
2.7854 0.0000
2.7875 0.0000
2.7896 0.0000
2.7917 0.0000
2.7938 0.0000
2.7958 0.0000
2.7979 0.0000
2.8000 0.0000
2.8021 0.0000
2.8042 0.0000
2.8062 0.0000
2.8083 0.0000
2.8104 0.0000
2.8125 0.0000
2.8146 0.0000
2.8167 0.0000
2.8188 0.0000
2.8208 0.0000
2.8229 0.0000
2.8250 0.0000
2.8271 0.0000
2.8292 0.0000
2.8312 0.0000
2.8333 0.0000
2.8354 0.0000
2.8375 0.0000
2.8396 0.0000
2.8417 0.0000
2.8438 0.0000
2.8458 0.0000
2.8479 0.0000
2.8500 0.0000
2.8521 0.0000
2.8542 0.0000
2.8563 0.0000
2.8583 0.0000
2.8604 0.0000
2.8625 0.0000
2.8646 0.0000
2.8667 0.0000
2.8687 0.0000
2.8708 0.0000
2.8729 0.0000
2.8750 0.0000
2.8771 0.0000
2.8792 0.0000
2.8813 0.0000
2.8833 0.0000
2.8854 0.0000
2.8875 0.0000
2.8896 0.0000
2.8917 0.0000
2.8937 0.0000
2.8958 0.0000
2.8979 0.0000
2.9000 0.0000
2.9021 0.0000
2.9042 0.0000
2.9062 0.0000
2.9083 0.0000
2.9104 0.0000
2.9125 0.0000
2.9146 0.0000
2.9167 0.0000
2.9188 0.0000
2.9208 0.0000
2.9229 0.0000
2.9250 0.0000
2.9271 0.0000
2.9292 0.0000
2.9312 0.0000
2.9333 0.0000
2.9354 0.0000
2.9375 0.0000
2.9396 0.0000
2.9417 0.0000
2.9438 0.0000
2.9458 0.0000
2.9479 0.0000
2.9500 0.0000
2.9521 0.0000
2.9542 0.0000
2.9562 0.0000
2.9583 0.0000
2.9604 0.0000
2.9625 0.0000
2.9646 0.0000
2.9667 0.0000
2.9688 0.0000
2.9708 0.0000
2.9729 0.0000
2.9750 0.0000
2.9771 0.0000
2.9792 0.0000
2.9813 0.0000
2.9833 0.0000
2.9854 0.0000
2.9875 0.0000
2.9896 0.0000
2.9917 0.0000
2.9937 0.0000
2.9958 0.0000
2.9979 0.0000
3.0000 0.0000
3.0021 0.0000
3.0042 0.0000
3.0063 0.0000
3.0083 0.0000
3.0104 0.0000
3.0125 0.0000
3.0146 0.0000
3.0167 0.0000
3.0187 0.0000
3.0208 0.0000
3.0229 0.0000
3.0250 0.0000
3.0271 0.0000
3.0292 0.0000
3.0312 0.0000
3.0333 0.0000
3.0354 0.0000
3.0375 0.0000
3.0396 0.0000
3.0417 0.0000
3.0438 0.0000
3.0458 0.0000
3.0479 0.0000
3.0500 0.0000
3.0521 0.0000
3.0542 0.0000
3.0562 0.0000
3.0583 0.0000
3.0604 0.0000
3.0625 0.0000
3.0646 0.0000
3.0667 0.0000
3.0688 0.0000
3.0708 0.0000
3.0729 0.0000
3.0750 0.0000
3.0771 0.0000
3.0792 0.0000
3.0812 0.0000
3.0833 0.0000
3.0854 0.0000
3.0875 0.0000
3.0896 0.0000
3.0917 0.0000
3.0938 0.0000
3.0958 0.0000
3.0979 0.0000
3.1000 0.0000
3.1021 0.0000
3.1042 0.0000
3.1063 0.0000
3.1083 0.0000
3.1104 0.0000
3.1125 0.0000
3.1146 0.0000
3.1167 0.0000
3.1187 0.0000
3.1208 0.0000
3.1229 0.0000
3.1250 0.0000
3.1271 0.0000
3.1292 0.0000
3.1313 0.0000
3.1333 0.0000
3.1354 0.0000
3.1375 0.0000
3.1396 0.0000
3.1417 0.0000
3.1437 0.0000
3.1458 0.0000
3.1479 0.0000
3.1500 0.0000
3.1521 0.0000
3.1542 0.0000
3.1562 0.0000
3.1583 0.0000
3.1604 0.0000
3.1625 0.0000
3.1646 0.0000
3.1667 0.0000
3.1688 0.0000
3.1708 0.0000
3.1729 0.0000
3.1750 0.0000
3.1771 0.0000
3.1792 0.0000
3.1812 0.0000
3.1833 0.0000
3.1854 0.0000
3.1875 0.0000
3.1896 0.0000
3.1917 0.0000
3.1938 0.0000
3.1958 0.0000
3.1979 0.0000
3.2000 0.0000
3.2021 0.0000
3.2042 0.0000
3.2062 0.0000
3.2083 0.0000
3.2104 0.0000
3.2125 0.0000
3.2146 0.0000
3.2167 0.0000
3.2188 0.0000
3.2208 0.0000
3.2229 0.0000
3.2250 0.0000
3.2271 0.0000
3.2292 0.0000
3.2312 0.0000
3.2333 0.0000
3.2354 0.0000
3.2375 0.0000
3.2396 0.0000
3.2417 0.0000
3.2437 0.0000
3.2458 0.0000
3.2479 0.0000
3.2500 0.0000
3.2521 0.0000
3.2542 0.0000
3.2563 0.0000
3.2583 0.0000
3.2604 0.0000
3.2625 0.0000
3.2646 0.0000
3.2667 0.0000
3.2687 0.0000
3.2708 0.0000
3.2729 0.0000
3.2750 0.0000
3.2771 0.0000
3.2792 0.0000
3.2812 0.0000
3.2833 0.0000
3.2854 0.0000
3.2875 0.0000
3.2896 0.0000
3.2917 0.0000
3.2937 0.0000
3.2958 0.0000
3.2979 0.0000
3.3000 0.0000
3.3021 0.0000
3.3042 0.0000
3.3062 0.0000
3.3083 0.0000
3.3104 0.0000
3.3125 0.0000
3.3146 0.0000
3.3167 0.0000
3.3188 0.0000
3.3208 0.0000
3.3229 0.0000
3.3250 0.0000
3.3271 0.0000
3.3292 0.0000
3.3312 0.0000
3.3333 0.0000
3.3354 0.0000
3.3375 0.0000
3.3396 0.0000
3.3417 0.0000
3.3438 0.0000
3.3458 0.0000
3.3479 0.0000
3.3500 0.0000
3.3521 0.0000
3.3542 0.0000
3.3562 0.0000
3.3583 0.0000
3.3604 0.0000
3.3625 0.0000
3.3646 0.0000
3.3667 0.0000
3.3687 0.0000
3.3708 0.0000
3.3729 0.0000
3.3750 0.0000
3.3771 0.0000
3.3792 0.0000
3.3813 0.0000
3.3833 0.0000
3.3854 0.0000
3.3875 0.0000
3.3896 0.0000
3.3917 0.0000
3.3937 0.0000
3.3958 0.0000
3.3979 0.0000
3.4000 0.0000
3.4021 0.0000
3.4042 0.0000
3.4062 0.0000
3.4083 0.0000
3.4104 0.0000
3.4125 0.0000
3.4146 0.0000
3.4167 0.0000
3.4187 0.0000
3.4208 0.0000
3.4229 0.0000
3.4250 0.0000
3.4271 0.0000
3.4292 0.0000
3.4312 0.0000
3.4333 0.0000
3.4354 0.0000
3.4375 0.0000
3.4396 0.0000
3.4417 0.0000
3.4438 0.0000
3.4458 0.0000
3.4479 0.0000
3.4500 0.0000
3.4521 0.0000
3.4542 0.0000
3.4562 0.0000
3.4583 0.0000
3.4604 0.0000
3.4625 0.0000
3.4646 0.0000
3.4667 0.0000
3.4688 0.0000
3.4708 0.0000
3.4729 0.0000
3.4750 0.0000
3.4771 0.0000
3.4792 0.0000
3.4812 0.0000
3.4833 0.0000
3.4854 0.0000
3.4875 0.0000
3.4896 0.0000
3.4917 0.0000
3.4937 0.0000
3.4958 0.0000
3.4979 0.0000
3.5000 0.0000
3.5021 0.0000
3.5042 0.0000
3.5063 0.0000
3.5083 0.0000
3.5104 0.0000
3.5125 0.0000
3.5146 0.0000
3.5167 0.0000
3.5187 0.0000
3.5208 0.0000
3.5229 0.0000
3.5250 0.0000
3.5271 0.0000
3.5292 0.0000
3.5312 0.0000
3.5333 0.0000
3.5354 0.0000
3.5375 0.0000
3.5396 0.0000
3.5417 0.0000
3.5437 0.0000
3.5458 0.0000
3.5479 0.0000
3.5500 0.0000
3.5521 0.0000
3.5542 0.0000
3.5562 0.0000
3.5583 0.0000
3.5604 0.0000
3.5625 0.0000
3.5646 0.0000
3.5667 0.0000
3.5688 0.0000
3.5708 0.0000
3.5729 0.0000
3.5750 0.0000
3.5771 0.0000
3.5792 0.0000
3.5812 0.0000
3.5833 0.0000
3.5854 0.0000
3.5875 0.0000
3.5896 0.0000
3.5917 0.0000
3.5938 0.0000
3.5958 0.0000
3.5979 0.0000
3.6000 0.0000
3.6021 0.0000
3.6042 0.0000
3.6062 0.0000
3.6083 0.0000
3.6104 0.0000
3.6125 0.0000
3.6146 0.0000
3.6167 0.0000
3.6187 0.0000
3.6208 0.0000
3.6229 0.0000
3.6250 0.0000
3.6271 0.0000
3.6292 0.0000
3.6313 0.0000
3.6333 0.0000
3.6354 0.0000
3.6375 0.0000
3.6396 0.0000
3.6417 0.0000
3.6437 0.0000
3.6458 0.0000
3.6479 0.0000
3.6500 0.0000
3.6521 0.0000
3.6542 0.0000
3.6562 0.0000
3.6583 0.0000
3.6604 0.0000
3.6625 0.0000
3.6646 0.0000
3.6667 0.0000
3.6687 0.0000
3.6708 0.0000
3.6729 0.0000
3.6750 0.0000
3.6771 0.0000
3.6792 0.0000
3.6812 0.0000
3.6833 0.0000
3.6854 0.0000
3.6875 0.0000
3.6896 0.0000
3.6917 0.0000
3.6938 0.0000
3.6958 0.0000
3.6979 0.0000
3.7000 0.0000
3.7021 0.0000
3.7042 0.0000
3.7062 0.0000
3.7083 0.0000
3.7104 0.0000
3.7125 0.0000
3.7146 0.0000
3.7167 0.0000
3.7188 0.0000
3.7208 0.0000
3.7229 0.0000
3.7250 0.0000
3.7271 0.0000
3.7292 0.0000
3.7312 0.0000
3.7333 0.0000
3.7354 0.0000
3.7375 0.0000
3.7396 0.0000
3.7417 0.0000
3.7437 0.0000
3.7458 0.0000
3.7479 0.0000
3.7500 0.0000
3.7521 0.0000
3.7542 0.0000
3.7563 0.0000
3.7583 0.0000
3.7604 0.0000
3.7625 0.0000
3.7646 0.0000
3.7667 0.0000
3.7687 0.0000
3.7708 0.0000
3.7729 0.0000
3.7750 0.0000
3.7771 0.0000
3.7792 0.0000
3.7812 0.0000
3.7833 0.0000
3.7854 0.0000
3.7875 0.0000
3.7896 0.0000
3.7917 0.0000
3.7937 0.0000
3.7958 0.0000
3.7979 0.0000
3.8000 0.0000
3.8021 0.0000
3.8042 0.0000
3.8062 0.0000
3.8083 0.0000
3.8104 0.0000
3.8125 0.0000
3.8146 0.0000
3.8167 0.0000
3.8188 0.0000
3.8208 0.0000
3.8229 0.0000
3.8250 0.0000
3.8271 0.0000
3.8292 0.0000
3.8312 0.0000
3.8333 0.0000
3.8354 0.0000
3.8375 0.0000
3.8396 0.0000
3.8417 0.0000
3.8438 0.0000
3.8458 0.0000
3.8479 0.0000
3.8500 0.0000
3.8521 0.0000
3.8542 0.0000
3.8562 0.0000
3.8583 0.0000
3.8604 0.0000
3.8625 0.0000
3.8646 0.0000
3.8667 0.0000
3.8687 0.0000
3.8708 0.0000
3.8729 0.0000
3.8750 0.0000
3.8771 0.0000
3.8792 0.0000
3.8813 0.0000
3.8833 0.0000
3.8854 0.0000
3.8875 0.0000
3.8896 0.0000
3.8917 0.0000
3.8937 0.0000
3.8958 0.0000
3.8979 0.0000
3.9000 0.0000
3.9021 0.0000
3.9042 0.0000
3.9062 0.0000
3.9083 0.0000
3.9104 0.0000
3.9125 0.0000
3.9146 0.0000
3.9167 0.0000
3.9187 0.0000
3.9208 0.0000
3.9229 0.0000
3.9250 0.0000
3.9271 0.0000
3.9292 0.0000
3.9312 0.0000
3.9333 0.0000
3.9354 0.0000
3.9375 0.0000
3.9396 0.0000
3.9417 0.0000
3.9438 0.0000
3.9458 0.0000
3.9479 0.0000
3.9500 0.0000
3.9521 0.0000
3.9542 0.0000
3.9562 0.0000
3.9583 0.0000
3.9604 0.0000
3.9625 0.0000
3.9646 0.0000
3.9667 0.0000
3.9688 0.0000
3.9708 0.0000
3.9729 0.0000
3.9750 0.0000
3.9771 0.0000
3.9792 0.0000
3.9812 0.0000
3.9833 0.0000
3.9854 0.0000
3.9875 0.0000
3.9896 0.0000
3.9917 0.0000
3.9937 0.0000
3.9958 0.0000
3.9979 0.0000
4.0000 0.0000
4.0021 0.0000
4.0042 0.0000
4.0062 0.0000
4.0083 0.0000
4.0104 0.0000
4.0125 0.0000
4.0146 0.0000
4.0167 0.0000
4.0187 0.0000
4.0208 0.0000
4.0229 0.0000
4.0250 0.0000
4.0271 0.0000
4.0292 0.0000
4.0312 0.0000
4.0333 0.0000
4.0354 0.0000
4.0375 0.0000
4.0396 0.0000
4.0417 0.0000
4.0438 0.0000
4.0458 0.0000
4.0479 0.0000
4.0500 0.0000
4.0521 0.0000
4.0542 0.0000
4.0563 0.0000
4.0583 0.0000
4.0604 0.0000
4.0625 0.0000
4.0646 0.0000
4.0667 0.0000
4.0687 0.0000
4.0708 0.0000
4.0729 0.0000
4.0750 0.0000
4.0771 0.0000
4.0792 0.0000
4.0812 0.0000
4.0833 0.0000
4.0854 0.0000
4.0875 0.0000
4.0896 0.0000
4.0917 0.0000
4.0938 0.0000
4.0958 0.0000
4.0979 0.0000
4.1000 0.0000
4.1021 0.0000
4.1042 0.0000
4.1063 0.0000
4.1083 0.0000
4.1104 0.0000
4.1125 0.0000
4.1146 0.0000
4.1167 0.0000
4.1188 0.0000
4.1208 0.0000
4.1229 0.0000
4.1250 0.0000
4.1271 0.0000
4.1292 0.0000
4.1312 0.0000
4.1333 0.0000
4.1354 0.0000
4.1375 0.0000
4.1396 0.0000
4.1417 0.0000
4.1437 0.0000
4.1458 0.0000
4.1479 0.0000
4.1500 0.0000
4.1521 0.0000
4.1542 0.0000
4.1562 0.0000
4.1583 0.0000
4.1604 0.0000
4.1625 0.0000
4.1646 0.0000
4.1667 0.0000
4.1688 0.0000
4.1708 0.0000
4.1729 0.0000
4.1750 0.0000
4.1771 0.0000
4.1792 0.0000
4.1813 0.0000
4.1833 0.0000
4.1854 0.0000
4.1875 0.0000
4.1896 0.0000
4.1917 0.0000
4.1937 0.0000
4.1958 0.0000
4.1979 0.0000
4.2000 0.0000
4.2021 0.0000
4.2042 0.0000
4.2062 0.0000
4.2083 0.0000
4.2104 0.0000
4.2125 0.0000
4.2146 0.0000
4.2167 0.0000
4.2188 0.0000
4.2208 0.0000
4.2229 0.0000
4.2250 0.0000
4.2271 0.0000
4.2292 0.0000
4.2313 0.0000
4.2333 0.0000
4.2354 0.0000
4.2375 0.0000
4.2396 0.0000
4.2417 0.0000
4.2438 0.0000
4.2458 0.0000
4.2479 0.0000
4.2500 0.0000
4.2521 0.0000
4.2542 0.0000
4.2562 0.0000
4.2583 0.0000
4.2604 0.0000
4.2625 0.0000
4.2646 0.0000
4.2667 0.0000
4.2687 0.0000
4.2708 0.0000
4.2729 0.0000
4.2750 0.0000
4.2771 0.0000
4.2792 0.0000
4.2812 0.0000
4.2833 0.0000
4.2854 0.0000
4.2875 0.0000
4.2896 0.0000
4.2917 0.0000
4.2938 0.0000
4.2958 0.0000
4.2979 0.0000
4.3000 0.0000
4.3021 0.0000
4.3042 0.0000
4.3063 0.0000
4.3083 0.0000
4.3104 0.0000
4.3125 0.0000
4.3146 0.0000
4.3167 0.0000
4.3187 0.0000
4.3208 0.0000
4.3229 0.0000
4.3250 0.0000
4.3271 0.0000
4.3292 0.0000
4.3312 0.0000
4.3333 0.0000
4.3354 0.0000
4.3375 0.0000
4.3396 0.0000
4.3417 0.0000
4.3438 0.0000
4.3458 0.0000
4.3479 0.0000
4.3500 0.0000
4.3521 0.0000
4.3542 0.0000
4.3563 0.0000
4.3583 0.0000
4.3604 0.0000
4.3625 0.0000
4.3646 0.0000
4.3667 0.0000
4.3688 0.0000
4.3708 0.0000
4.3729 0.0000
4.3750 0.0000
4.3771 0.0000
4.3792 0.0000
4.3812 0.0000
4.3833 0.0000
4.3854 0.0000
4.3875 0.0000
4.3896 0.0000
4.3917 0.0000
4.3937 0.0000
4.3958 0.0000
4.3979 0.0000
4.4000 0.0000
4.4021 0.0000
4.4042 0.0000
4.4062 0.0000
4.4083 0.0000
4.4104 0.0000
4.4125 0.0000
4.4146 0.0000
4.4167 0.0000
4.4188 0.0000
4.4208 0.0000
4.4229 0.0000
4.4250 0.0000
4.4271 0.0000
4.4292 0.0000
4.4313 0.0000
4.4333 0.0000
4.4354 0.0000
4.4375 0.0000
4.4396 0.0000
4.4417 0.0000
4.4437 0.0000
4.4458 0.0000
4.4479 0.0000
4.4500 0.0000
4.4521 0.0000
4.4542 0.0000
4.4562 0.0000
4.4583 0.0000
4.4604 0.0000
4.4625 0.0000
4.4646 0.0000
4.4667 0.0000
4.4688 0.0000
4.4708 0.0000
4.4729 0.0000
4.4750 0.0000
4.4771 0.0000
4.4792 0.0000
4.4813 0.0000
4.4833 0.0000
4.4854 0.0000
4.4875 0.0000
4.4896 0.0000
4.4917 0.0000
4.4938 0.0000
4.4958 0.0000
4.4979 0.0000
4.5000 0.0000
4.5021 0.0000
4.5042 0.0000
4.5062 0.0000
4.5083 0.0000
4.5104 0.0000
4.5125 0.0000
4.5146 0.0000
4.5167 0.0000
4.5187 0.0000
4.5208 0.0000
4.5229 0.0000
4.5250 0.0000
4.5271 0.0000
4.5292 0.0000
4.5312 0.0000
4.5333 0.0000
4.5354 0.0000
4.5375 0.0000
4.5396 0.0000
4.5417 0.0000
4.5438 0.0000
4.5458 0.0000
4.5479 0.0000
4.5500 0.0000
4.5521 0.0000
4.5542 0.0000
4.5563 0.0000
4.5583 0.0000
4.5604 0.0000
4.5625 0.0000
4.5646 0.0000
4.5667 0.0000
4.5687 0.0000
4.5708 0.0000
4.5729 0.0000
4.5750 0.0000
4.5771 0.0000
4.5792 0.0000
4.5812 0.0000
4.5833 0.0000
4.5854 0.0000
4.5875 0.0000
4.5896 0.0000
4.5917 0.0000
4.5938 0.0000
4.5958 0.0000
4.5979 0.0000
4.6000 0.0000
4.6021 0.0000
4.6042 0.0000
4.6063 0.0000
4.6083 0.0000
4.6104 0.0000
4.6125 0.0000
4.6146 0.0000
4.6167 0.0000
4.6188 0.0000
4.6208 0.0000
4.6229 0.0000
4.6250 0.0000
4.6271 0.0000
4.6292 0.0000
4.6312 0.0000
4.6333 0.0000
4.6354 0.0000
4.6375 0.0000
4.6396 0.0000
4.6417 0.0000
4.6437 0.0000
4.6458 0.0000
4.6479 0.0000
4.6500 0.0000
4.6521 0.0000
4.6542 0.0000
4.6562 0.0000
4.6583 0.0000
4.6604 0.0000
4.6625 0.0000
4.6646 0.0000
4.6667 0.0000
4.6688 0.0000
4.6708 0.0000
4.6729 0.0000
4.6750 0.0000
4.6771 0.0000
4.6792 0.0000
4.6813 0.0000
4.6833 0.0000
4.6854 0.0000
4.6875 0.0000
4.6896 0.0000
4.6917 0.0000
4.6937 0.0000
4.6958 0.0000
4.6979 0.0000
4.7000 0.0000
4.7021 0.0000
4.7042 0.0000
4.7062 0.0000
4.7083 0.0000
4.7104 0.0000
4.7125 0.0000
4.7146 0.0000
4.7167 0.0000
4.7188 0.0000
4.7208 0.0000
4.7229 0.0000
4.7250 0.0000
4.7271 0.0000
4.7292 0.0000
4.7313 0.0000
4.7333 0.0000
4.7354 0.0000
4.7375 0.0000
4.7396 0.0000
4.7417 0.0000
4.7438 0.0000
4.7458 0.0000
4.7479 0.0000
4.7500 0.0000
4.7521 0.0000
4.7542 0.0000
4.7562 0.0000
4.7583 0.0000
4.7604 0.0000
4.7625 0.0000
4.7646 0.0000
4.7667 0.0000
4.7687 0.0000
4.7708 0.0000
4.7729 0.0000
4.7750 0.0000
4.7771 0.0000
4.7792 0.0000
4.7812 0.0000
4.7833 0.0000
4.7854 0.0000
4.7875 0.0000
4.7896 0.0000
4.7917 0.0000
4.7938 0.0000
4.7958 0.0000
4.7979 0.0000
4.8000 0.0000
4.8021 0.0000
4.8042 0.0000
4.8063 0.0000
4.8083 0.0000
4.8104 0.0000
4.8125 0.0000
4.8146 0.0000
4.8167 0.0000
4.8187 0.0000
4.8208 0.0000
4.8229 0.0000
4.8250 0.0000
4.8271 0.0000
4.8292 0.0000
4.8312 0.0000
4.8333 0.0000
4.8354 0.0000
4.8375 0.0000
4.8396 0.0000
4.8417 0.0000
4.8438 0.0000
4.8458 0.0000
4.8479 0.0000
4.8500 0.0000
4.8521 0.0000
4.8542 0.0000
4.8563 0.0000
4.8583 0.0000
4.8604 0.0000
4.8625 0.0000
4.8646 0.0000
4.8667 0.0000
4.8688 0.0000
4.8708 0.0000
4.8729 0.0000
4.8750 0.0000
4.8771 0.0000
4.8792 0.0000
4.8812 0.0000
4.8833 0.0000
4.8854 0.0000
4.8875 0.0000
4.8896 0.0000
4.8917 0.0000
4.8937 0.0000
4.8958 0.0000
4.8979 0.0000
4.9000 0.0000
4.9021 0.0000
4.9042 0.0000
4.9062 0.0000
4.9083 0.0000
4.9104 0.0000
4.9125 0.0000
4.9146 0.0000
4.9167 0.0000
4.9188 0.0000
4.9208 0.0000
4.9229 0.0000
4.9250 0.0000
4.9271 0.0000
4.9292 0.0000
4.9313 0.0000
4.9333 0.0000
4.9354 0.0000
4.9375 0.0000
4.9396 0.0000
4.9417 0.0000
4.9437 0.0000
4.9458 0.0000
4.9479 0.0000
4.9500 0.0000
4.9521 0.0000
4.9542 0.0000
4.9562 0.0000
4.9583 0.0000
4.9604 0.0000
4.9625 0.0000
4.9646 0.0000
4.9667 0.0000
4.9688 0.0000
4.9708 0.0000
4.9729 0.0000
4.9750 0.0000
4.9771 0.0000
4.9792 0.0000
4.9813 0.0000
4.9833 0.0000
4.9854 0.0000
4.9875 0.0000
4.9896 0.0000
4.9917 0.0000
4.9938 0.0000
4.9958 0.0000
4.9979 0.0000
5.0000 0.0000
